FIP,Year,STATE,HFR,HFR_se,universl,permit,Fem_FS_S,Male_FS_S,BRFSS,GALLUP,GSS,PEW,HuntLic,GunsAmmo,BackChk,PewQChng,BS1,BS2,BS3
1,1980,Alabama,0.608,0.031,0,0,0.824324324,0.833795014,-9,0.553950394,0.583631578,-9,0.291102487,-0.509164477,-9,0,0,0,0
1,1981,Alabama,0.597,0.047,0,0,0.692307692,0.831125828,-9,-9,-9,-9,0.294961758,-0.618953608,-9,0,1,0,0
1,1982,Alabama,0.661,0.036,0,0,0.77173913,0.821428571,-9,-9,0.655195914,-9,0.290544843,-0.526692252,-9,0,2,0,0
1,1983,Alabama,0.586,0.038,0,0,0.688172043,0.819277108,-9,0.611440283,-9,-9,0.28498261,-0.713226627,-9,0,3,0,0
1,1984,Alabama,0.624,0.036,0,0,0.71,0.775956284,-9,-9,0.626932571,-9,0.281621729,-0.733304955,-9,0,4,0,0
1,1985,Alabama,0.644,0.031,0,0,0.755555556,0.835294118,-9,0.611974192,0.662105594,-9,0.278213793,-0.719122017,-9,0,5,0,0
1,1986,Alabama,0.567,0.038,0,0,0.686868687,0.777777778,-9,0.596843465,-9,-9,0.27530177,-0.732234008,-9,0,6,0,0
1,1987,Alabama,0.609,0.036,0,0,0.711340206,0.795454545,-9,-9,0.586605265,-9,0.278851679,-0.842905674,-9,0,7,0,0
1,1988,Alabama,0.606,0.031,0,0,0.638095238,0.804071247,-9,0.768345462,0.505046458,-9,0.273267002,-0.835570306,-9,0,7.91,0.09,0
1,1989,Alabama,0.627,0.031,0,0,0.714285714,0.801470588,-9,0.702464325,0.583599277,-9,0.26924349,-0.646930843,-9,0,8.73,0.27,0
1,1990,Alabama,0.641,0.031,0,0,0.767676768,0.860240964,-9,0.652096038,0.620018427,-9,0.25521284,-0.752433883,-9,0,9.45,0.55,0
1,1991,Alabama,0.632,0.031,0,0,0.65625,0.81489842,-9,0.699917832,0.616140965,-9,0.249209578,-0.806069029,-9,0,10.09,0.91,0
1,1992,Alabama,0.552,0.047,0,0,0.717391304,0.765661253,-9,-9,-9,-9,0.248808824,-0.823236144,-9,0,10.64,1.36,0
1,1993,Alabama,0.6,0.031,0,0,0.71559633,0.794117647,-9,0.682880664,0.541685358,-9,0.247217095,-0.631046623,-9,0,11.09,1.91,0
1,1994,Alabama,0.571,0.036,0,0,0.657894737,0.775119617,-9,-9,0.545011063,-9,0.244708732,-0.611365934,-9,0,11.45,2.55,0
1,1995,Alabama,0.554,0.047,0,0,0.639534884,0.786163522,-9,-9,-9,-9,0.250193779,-0.325589519,-9,0,11.73,3.27,0
1,1996,Alabama,0.568,0.031,0,0,0.699029126,0.8,-9,0.502761351,0.569423208,-9,0.247112829,-0.121917923,-9,0,11.91,4.09,0
1,1997,Alabama,0.557,0.029,0,0,0.697247706,0.781637717,-9,0.594294617,-9,0.570439779,0.245158404,-0.152237862,-9,0,12,5,0
1,1998,Alabama,0.577,0.036,0,0,0.657657658,0.794759825,-9,-9,0.546264369,-9,0.24371378,0.004365336,-9,0,12,6,0
1,1999,Alabama,0.537,0.036,0,0,0.697916667,0.801742919,-9,0.520277205,-9,-9,0.240077994,-0.280923069,0.977564585,0,12,7,0
1,2000,Alabama,0.538,0.026,0,0,0.616071429,0.760084926,-9,0.575660014,0.435643214,0.606166292,0.243388897,-0.15688276,0.849505839,0,12,7.91,0.09
1,2001,Alabama,0.522,0.021,0,0,0.608247423,0.790361446,0.51973616,-9,-9,-9,0.244352896,-0.156249474,0.882527128,0,12,8.73,0.27
1,2002,Alabama,0.553,0.02,0,0,0.565656566,0.78313253,0.575970917,-9,0.44089847,-9,0.240564278,-0.16241798,0.951910469,0,12,9.45,0.55
1,2003,Alabama,0.504,0.032,0,0,0.697916667,0.781176471,-9,-9,-9,0.495891685,0.237965596,-0.193514435,0.971231241,0,12,10.09,0.91
1,2004,Alabama,0.516,0.018,0,0,0.577319588,0.718468468,0.525519189,-9,0.504181723,0.509307256,0.239216106,-0.19681841,0.950489514,0,12,10.64,1.36
1,2005,Alabama,0.485,0.044,0,0,0.645833333,0.699316629,-9,-9,-9,-9,0.236232687,-0.233782162,0.928751053,0,12,11.09,1.91
1,2006,Alabama,0.468,0.035,0,0,0.572916667,0.712809917,-9,-9,0.418361625,-9,0.235137633,-0.205559421,0.840486489,0,12,11.45,2.55
1,2007,Alabama,0.481,0.032,0,0,0.56557377,0.695744681,-9,-9,-9,0.517508866,0.228387356,-0.211955917,0.872470243,0,12,11.73,3.27
1,2008,Alabama,0.503,0.035,0,0,0.545454545,0.741200828,-9,-9,0.480169892,-9,0.224664321,-0.306259233,1.069223257,0,12,11.91,4.09
1,2009,Alabama,0.482,0.032,0,0,0.561538462,0.747697974,-9,-9,-9,0.489706175,0.225951896,-0.18575248,1.146498247,0,12,12,5
1,2010,Alabama,0.456,0.028,0,0,0.546099291,0.700743494,-9,-9,0.391566949,0.486040142,0.225766688,-0.250093465,1.057549554,0,12,12,6
1,2011,Alabama,0.513,0.032,0,0,0.653225806,0.7,-9,-9,-9,0.536971267,0.349485328,-0.2601187,0.975045359,0,12,12,7
1,2012,Alabama,0.543,0.026,0,0,0.623188406,0.706484642,-9,0.631616181,0.49640098,0.558550265,0.344019977,-0.215208155,1.066322611,0,12,12,8
1,2013,Alabama,0.516,0.032,0,0,0.562091503,0.735915493,-9,-9,-9,0.598502599,0.344331566,-0.172468696,1.20204027,1,12,12,9
1,2014,Alabama,0.51,0.035,0,0,0.595890411,0.688927944,-9,-9,0.467334546,-9,0.340475174,-0.196054207,1.242361881,1,12,12,10
1,2015,Alabama,0.495,0.032,0,0,0.575,0.738983051,-9,-9,-9,0.544806024,0.340830801,-0.290597341,1.566968962,1,12,12,11
1,2016,Alabama,0.528,0.028,0,0,0.646341463,0.711538462,-9,-9,0.471447957,0.649360662,0.341757544,-0.219699186,0.270898447,1,12,12,12
2,1980,Alaska,0.789,0.047,0,0,0.923076923,0.872727273,-9,-9,-9,-9,0.528181694,2.331185052,-9,0,0,0,0
2,1981,Alaska,0.709,0.047,0,0,-9,0.734693878,-9,-9,-9,-9,0.538709385,2.74040899,-9,0,1,0,0
2,1982,Alaska,0.737,0.047,0,0,-9,0.808510638,-9,-9,-9,-9,0.535263094,2.699242742,-9,0,2,0,0
2,1983,Alaska,0.722,0.047,0,0,-9,0.8125,-9,-9,-9,-9,0.532315978,2.603695666,-9,0,3,0,0
2,1984,Alaska,0.712,0.047,0,0,0.625,0.772727273,-9,-9,-9,-9,0.54663457,2.792663014,-9,0,4,0,0
2,1985,Alaska,0.653,0.047,0,0,-9,0.696428571,-9,-9,-9,-9,0.541306133,3.234320274,-9,0,5,0,0
2,1986,Alaska,0.688,0.047,0,0,-9,0.782608696,-9,-9,-9,-9,0.583415932,3.336701892,-9,0,6,0,0
2,1987,Alaska,0.718,0.047,0,0,0.733333333,0.696202532,-9,-9,-9,-9,0.562773046,3.489793152,-9,0,7,0,0
2,1988,Alaska,0.748,0.047,0,0,-9,0.772727273,-9,-9,-9,-9,0.556663256,3.823435325,-9,0,7.91,0.09,0
2,1989,Alaska,0.711,0.047,0,0,0.545454545,0.743589744,-9,-9,-9,-9,0.592554049,3.3359746,-9,0,8.73,0.27,0
2,1990,Alaska,0.699,0.047,0,0,0.75,0.677419355,-9,-9,-9,-9,0.504226818,3.484267309,-9,0,9.45,0.55,0
2,1991,Alaska,0.716,0.047,0,0,0.636363636,0.725806452,-9,-9,-9,-9,0.552979892,3.639213177,-9,0,10.09,0.91,0
2,1992,Alaska,0.685,0.047,0,0,0.5,0.722222222,-9,-9,-9,-9,0.528465379,3.669083615,-9,0,10.64,1.36,0
2,1993,Alaska,0.712,0.047,0,0,0.695652174,0.702702703,-9,-9,-9,-9,0.527466071,3.889746139,-9,0,11.09,1.91,0
2,1994,Alaska,0.667,0.036,0,0,0.666666667,0.75,-9,-9,0.523671224,-9,0.528531807,3.934617582,-9,0,11.45,2.55,0
2,1995,Alaska,0.709,0.047,0,0,0.5625,0.75862069,-9,-9,-9,-9,0.554247477,3.690204196,-9,0,11.73,3.27,0
2,1996,Alaska,0.663,0.036,0,0,0.523809524,0.747474747,-9,-9,0.564655738,-9,0.563529871,3.428167822,-9,0,11.91,4.09,0
2,1997,Alaska,0.652,0.047,0,0,0.37037037,0.742574257,-9,-9,-9,-9,0.556376262,3.377325912,-9,0,12,5,0
2,1998,Alaska,0.559,0.036,0,0,0.461538462,0.689320388,-9,-9,0.41911213,-9,0.552303921,3.266201217,-9,0,12,6,0
2,1999,Alaska,0.571,0.044,0,0,0.454545455,0.608108108,-9,-9,-9,-9,0.537979869,2.482519081,1.643390963,0,12,7,0
2,2000,Alaska,0.601,0.035,0,0,0.52,0.741071429,-9,-9,0.483289686,-9,0.544251007,3.188878052,1.554777238,0,12,7.91,0.09
2,2001,Alaska,0.61,0.021,0,0,0.3,0.719512195,0.616017899,-9,-9,-9,0.521891274,3.001938534,1.459147672,0,12,8.73,0.27
2,2002,Alaska,0.614,0.02,0,0,0.628571429,0.721649485,0.628999887,-9,0.456990004,-9,0.535283778,3.056847005,1.389090604,0,12,9.45,0.55
2,2003,Alaska,0.587,0.044,0,0,0.36,0.707070707,-9,-9,-9,-9,0.534675174,3.192350151,1.357338546,0,12,10.09,0.91
2,2004,Alaska,0.58,0.021,0,0,0.297297297,0.703389831,0.58039848,-9,-9,-9,0.52835841,3.179042731,1.526293646,0,12,10.64,1.36
2,2005,Alaska,0.609,0.044,0,0,0.555555556,0.692307692,-9,-9,-9,-9,0.527194505,2.988743466,1.721197057,0,12,11.09,1.91
2,2006,Alaska,0.551,0.044,0,0,0.322580645,0.663461538,-9,-9,-9,-9,0.523205688,2.481006825,1.690126522,0,12,11.45,2.55
2,2007,Alaska,0.577,0.044,0,0,0.346153846,0.691056911,-9,-9,-9,-9,0.524020965,2.787243995,1.898315811,0,12,11.73,3.27
2,2008,Alaska,0.613,0.044,0,0,0.382352941,0.762962963,-9,-9,-9,-9,0.520731237,2.316651189,2.242496793,0,12,11.91,4.09
2,2009,Alaska,0.543,0.044,0,0,0.34375,0.612612613,-9,-9,-9,-9,0.516451807,2.530255129,2.074411857,0,12,12,5
2,2010,Alaska,0.611,0.044,0,0,0.617647059,0.661538462,-9,-9,-9,-9,0.529235828,2.362687159,2.370964485,0,12,12,6
2,2011,Alaska,0.627,0.044,0,0,0.586206897,0.719298246,-9,-9,-9,-9,0.541219832,2.31315926,2.122774506,0,12,12,7
2,2012,Alaska,0.607,0.029,0,0,0.392857143,0.621428571,-9,0.679435099,-9,0.629171369,0.65882709,2.122769143,2.017066259,0,12,12,8
2,2013,Alaska,0.576,0.032,0,0,0.5,0.751824818,-9,-9,-9,0.609210936,0.574725998,1.807937576,2.101246352,1,12,12,9
2,2014,Alaska,0.618,0.044,0,0,0.413793103,0.746376812,-9,-9,-9,-9,0.581888265,1.62285787,2.310735011,1,12,12,10
2,2015,Alaska,0.551,0.032,0,0,0.510638298,0.642857143,-9,-9,-9,0.605176258,0.606060979,1.585440173,1.951905642,1,12,12,11
2,2016,Alaska,0.572,0.032,0,0,0.369565217,0.653061224,-9,-9,-9,0.666124712,0.657790577,0.740571558,1.937272123,1,12,12,12
4,1980,Arizona,0.563,0.031,0,0,0.472222222,0.698863636,-9,0.541885231,0.552241849,-9,0.389271965,0.649425972,-9,0,0,0,0
4,1981,Arizona,0.598,0.047,0,0,0.537190083,0.784023669,-9,-9,-9,-9,0.340846531,0.705558945,-9,0,1,0,0
4,1982,Arizona,0.541,0.036,0,0,0.512,0.6953125,-9,-9,0.476685297,-9,0.332004876,0.7880654,-9,0,2,0,0
4,1983,Arizona,0.554,0.038,0,0,0.558333333,0.676315789,-9,0.574856943,-9,-9,0.338960279,0.925948911,-9,0,3,0,0
4,1984,Arizona,0.567,0.036,0,0,0.514851485,0.729468599,-9,-9,0.519635815,-9,0.343327473,0.402983939,-9,0,4,0,0
4,1985,Arizona,0.538,0.036,0,0,0.521008403,0.721088435,-9,-9,0.458793642,-9,0.341102062,0.574855348,-9,0,5,0,0
4,1986,Arizona,0.549,0.038,0,0,0.525974026,0.692468619,-9,0.58265476,-9,-9,0.338749605,0.442988398,-9,0,6,0,0
4,1987,Arizona,0.564,0.036,0,0,0.509933775,0.719101124,-9,-9,0.516627169,-9,0.330003419,0.524350755,-9,0,7,0,0
4,1988,Arizona,0.557,0.031,0,0,0.488549618,0.698905109,-9,0.669501404,0.465618929,-9,0.319138771,0.584347615,-9,0,7.91,0.09,0
4,1989,Arizona,0.624,0.031,0,0,0.504132231,0.714545455,-9,0.716558435,0.600381212,-9,0.306305114,0.720649881,-9,0,8.73,0.27,0
4,1990,Arizona,0.598,0.031,0,0,0.521367521,0.722319859,-9,0.626144024,0.582382734,-9,0.302540189,0.756830901,-9,0,9.45,0.55,0
4,1991,Arizona,0.564,0.031,0,0,0.47008547,0.708256881,-9,0.624764127,0.515805495,-9,0.288186641,0.779179854,-9,0,10.09,0.91,0
4,1992,Arizona,0.547,0.047,0,0,0.524193548,0.710775047,-9,-9,-9,-9,0.285307227,0.71908873,-9,0,10.64,1.36,0
4,1993,Arizona,0.53,0.031,0,0,0.534351145,0.739932886,-9,0.445879655,0.517344894,-9,0.287109845,0.703305352,-9,0,11.09,1.91,0
4,1994,Arizona,0.505,0.036,0,0,0.503597122,0.711783439,-9,-9,0.424661512,-9,0.285970711,0.595246727,-9,0,11.45,2.55,0
4,1995,Arizona,0.532,0.047,0,0,0.479289941,0.731132075,-9,-9,-9,-9,0.27835351,0.499249438,-9,0,11.73,3.27,0
4,1996,Arizona,0.449,0.031,0,0,0.540145985,0.707979626,-9,0.333253643,0.424634513,-9,0.267651527,0.318777335,-9,0,11.91,4.09,0
4,1997,Arizona,0.465,0.029,0,0,0.492857143,0.693679092,-9,0.429878489,-9,0.491938146,0.25971398,0.254546347,-9,0,12,5,0
4,1998,Arizona,0.467,0.036,0,0,0.43452381,0.716981132,-9,-9,0.399501561,-9,0.253215494,0.291716181,-9,0,12,6,0
4,1999,Arizona,0.409,0.036,0,0,0.380368098,0.686567164,-9,0.386336388,-9,-9,0.256541274,-0.23081002,-0.291635934,0,12,7,0
4,2000,Arizona,0.427,0.026,0,0,0.33974359,0.694267516,-9,0.388875415,0.341518576,0.515357002,0.273809177,0.21032852,-0.323936889,0,12,7.91,0.09
4,2001,Arizona,0.35,0.021,0,0,0.434482759,0.651125402,0.328582668,-9,-9,-9,0.271896479,0.05891567,-0.414400476,0,12,8.73,0.27
4,2002,Arizona,0.381,0.02,0,0,0.473684211,0.668531469,0.371388341,-9,0.345186426,-9,0.262135934,-0.083430531,-0.508898119,0,12,9.45,0.55
4,2003,Arizona,0.393,0.032,0,0,0.36627907,0.633233533,-9,-9,-9,0.423838982,0.256321913,0.117731776,-0.517438504,0,12,10.09,0.91
4,2004,Arizona,0.368,0.018,0,0,0.327956989,0.645533141,0.357941295,-9,0.355790597,0.402814178,0.25612749,0.071288367,-0.470046983,0,12,10.64,1.36
4,2005,Arizona,0.373,0.044,0,0,0.315,0.605369128,-9,-9,-9,-9,0.24900254,0.173589365,-0.357072094,0,12,11.09,1.91
4,2006,Arizona,0.385,0.035,0,0,0.403755869,0.622715405,-9,-9,0.350953786,-9,0.243212951,0.207519895,-0.350898544,0,12,11.45,2.55
4,2007,Arizona,0.38,0.032,0,0,0.275229358,0.616541353,-9,-9,-9,0.423533008,0.247168626,0.23627526,-0.475267212,0,12,11.73,3.27
4,2008,Arizona,0.382,0.035,0,0,0.392241379,0.606756757,-9,-9,0.364121603,-9,0.248850089,0.161881522,-0.549898479,0,12,11.91,4.09
4,2009,Arizona,0.396,0.032,0,0,0.390977444,0.630982368,-9,-9,-9,0.435879906,0.24761532,0.146842367,-0.591589416,0,12,12,5
4,2010,Arizona,0.346,0.028,0,0,0.364444444,0.619815668,-9,-9,0.26399206,0.392508541,0.243934552,0.169366635,-0.527318979,0,12,12,6
4,2011,Arizona,0.329,0.032,0,0,0.312030075,0.661073826,-9,-9,-9,0.298337446,0.241434687,0.20179737,-0.456662292,0,12,12,7
4,2012,Arizona,0.415,0.026,0,0,0.350943396,0.63973064,-9,0.490824272,0.440613954,0.402438731,0.23978726,0.189141641,-0.441599781,0,12,12,8
4,2013,Arizona,0.366,0.032,0,0,0.361940299,0.623463687,-9,-9,-9,0.447063158,0.239910236,0.181060069,-0.53290424,1,12,12,9
4,2014,Arizona,0.385,0.035,0,0,0.377926421,0.603174603,-9,-9,0.368824415,-9,0.236577548,0.136861033,-0.516806432,1,12,12,10
4,2015,Arizona,0.36,0.032,0,0,0.391585761,0.605997932,-9,-9,-9,0.436256652,0.238235122,0.104305246,-0.498904196,1,12,12,11
4,2016,Arizona,0.36,0.028,0,0,0.409090909,0.647715736,-9,-9,0.372834325,0.38709837,0.243218391,0.071987529,-0.447685367,1,12,12,12
5,1980,Arkansas,0.693,0.031,0,0,0.677419355,0.867647059,-9,0.607767971,0.7130417,-9,0.48769766,0.170665781,-9,0,0,0,0
5,1981,Arkansas,0.639,0.047,0,0,0.595238095,0.821917808,-9,-9,-9,-9,0.494296271,0.138965989,-9,0,1,0,0
5,1982,Arkansas,0.674,0.036,0,0,0.64,0.845132743,-9,-9,0.61890482,-9,0.516793562,0.048762566,-9,0,2,0,0
5,1983,Arkansas,0.63,0.038,0,0,0.784313725,0.800884956,-9,0.611284316,-9,-9,0.517555327,-0.227138822,-9,0,3,0,0
5,1984,Arkansas,0.694,0.036,0,0,0.79245283,0.82745098,-9,-9,0.66737844,-9,0.461583318,-0.406114203,-9,0,4,0,0
5,1985,Arkansas,0.656,0.031,0,0,0.698412698,0.826086957,-9,0.66869732,0.621499003,-9,0.44929854,-0.433143008,-9,0,5,0,0
5,1986,Arkansas,0.596,0.038,0,0,0.636363636,0.77254902,-9,0.615857419,-9,-9,0.446864236,-0.363236084,-9,0,6,0,0
5,1987,Arkansas,0.657,0.036,0,0,0.690909091,0.846689895,-9,-9,0.605130155,-9,0.455463893,-0.495170795,-9,0,7,0,0
5,1988,Arkansas,0.643,0.031,0,0,0.677966102,0.847736626,-9,0.779946528,0.529870786,-9,0.367929248,-0.533109563,-9,0,7.91,0.09,0
5,1989,Arkansas,0.636,0.031,0,0,0.590909091,0.811881188,-9,0.697290276,0.594151108,-9,0.377059716,-0.347009597,-9,0,8.73,0.27,0
5,1990,Arkansas,0.647,0.031,0,0,0.730769231,0.788381743,-9,0.670852025,0.631339407,-9,0.372682068,-0.386484127,-9,0,9.45,0.55,0
5,1991,Arkansas,0.639,0.031,0,0,0.673913043,0.831223629,-9,0.696768804,0.590276347,-9,0.362050989,-0.566425776,-9,0,10.09,0.91,0
5,1992,Arkansas,0.533,0.047,0,0,0.5,0.734177215,-9,-9,-9,-9,0.366266654,-0.527134643,-9,0,10.64,1.36,0
5,1993,Arkansas,0.644,0.031,0,0,0.586206897,0.799227799,-9,0.764209835,0.58598255,-9,0.363143891,-0.131222821,-9,0,11.09,1.91,0
5,1994,Arkansas,0.601,0.036,0,0,0.584415584,0.756097561,-9,-9,0.572602297,-9,0.424175822,-0.123750118,-9,0,11.45,2.55,0
5,1995,Arkansas,0.583,0.047,0,0,0.7,0.74137931,-9,-9,-9,-9,0.424544541,-0.119207994,-9,0,11.73,3.27,0
5,1996,Arkansas,0.58,0.038,0,0,0.610169492,0.761363636,-9,0.59950411,-9,-9,0.436481762,0.138712662,-9,0,11.91,4.09,0
5,1997,Arkansas,0.562,0.029,0,0,0.602941176,0.697916667,-9,0.598893415,-9,0.587486965,0.435839609,0.094603968,-9,0,12,5,0
5,1998,Arkansas,0.571,0.047,0,0,0.55,0.764084507,-9,-9,-9,-9,0.433909473,0.337556376,-9,0,12,6,0
5,1999,Arkansas,0.555,0.036,0,0,0.542372881,0.729241877,-9,0.55617674,-9,-9,0.408338494,0.329353022,1.596567392,0,12,7,0
5,2000,Arkansas,0.542,0.029,0,0,0.594202899,0.725,-9,0.612985805,-9,0.53000985,0.371828123,0.108739481,1.411500887,0,12,7.91,0.09
5,2001,Arkansas,0.537,0.021,0,0,0.647058824,0.732484076,0.532243234,-9,-9,-9,0.37457018,0.079246507,1.275592321,0,12,8.73,0.27
5,2002,Arkansas,0.56,0.021,0,0,0.484848485,0.723472669,0.571686877,-9,-9,-9,0.37449707,0.120759265,1.231886707,0,12,9.45,0.55
5,2003,Arkansas,0.516,0.032,0,0,0.430555556,0.751655629,-9,-9,-9,0.535549372,0.364340009,-0.046429252,1.210663773,0,12,10.09,0.91
5,2004,Arkansas,0.544,0.018,0,0,0.428571429,0.694158076,0.562237939,-9,0.517567836,0.534527573,0.371505212,-0.059234281,1.157839203,0,12,10.64,1.36
5,2005,Arkansas,0.499,0.044,0,0,0.581395349,0.675159236,-9,-9,-9,-9,0.360634596,0.037235068,1.110332103,0,12,11.09,1.91
5,2006,Arkansas,0.481,0.035,0,0,0.365079365,0.715654952,-9,-9,0.442402983,-9,0.353977574,-0.019410889,0.974354285,0,12,11.45,2.55
5,2007,Arkansas,0.507,0.032,0,0,0.475,0.639751553,-9,-9,-9,0.575744984,0.342718014,0.14642482,0.855672294,0,12,11.73,3.27
5,2008,Arkansas,0.508,0.035,0,0,0.389830508,0.696048632,-9,-9,0.520225744,-9,0.329385931,0.15685202,0.73255768,0,12,11.91,4.09
5,2009,Arkansas,0.493,0.032,0,0,0.458823529,0.729970326,-9,-9,-9,0.516039382,0.341894331,0.098104241,0.749269533,0,12,12,5
5,2010,Arkansas,0.493,0.028,0,0,0.390804598,0.644444444,-9,-9,0.467819542,0.548351805,0.344006444,0.134228613,0.667190931,0,12,12,6
5,2011,Arkansas,0.527,0.032,0,0,0.52173913,0.678378378,-9,-9,-9,0.591086906,0.361847849,0.164047869,0.608625085,0,12,12,7
5,2012,Arkansas,0.544,0.026,0,0,0.383838384,0.696891192,-9,0.66202689,0.50809798,0.581962177,0.357273741,0.194080929,0.490646313,0,12,12,8
5,2013,Arkansas,0.5,0.032,0,0,0.505263158,0.650831354,-9,-9,-9,0.626322554,0.357205549,0.109036455,0.417183366,1,12,12,9
5,2014,Arkansas,0.493,0.035,0,0,0.513761468,0.657635468,-9,-9,0.482532341,-9,0.358999247,0.082640255,0.390202424,1,12,12,10
5,2015,Arkansas,0.462,0.032,0,0,0.5234375,0.61247216,-9,-9,-9,0.563812313,0.357544837,0.105944871,0.407256919,1,12,12,11
5,2016,Arkansas,0.518,0.028,0,0,0.510638298,0.625603865,-9,-9,0.48098291,0.661607791,0.363894877,0.093630671,0.308392056,1,12,12,12
6,1980,California,0.366,0.031,0,0,0.323275862,0.55586704,-9,0.329565113,0.351176359,-9,0.19155594,-0.231756579,-9,0,0,0,0
6,1981,California,0.421,0.047,0,0,0.328031809,0.596387907,-9,-9,-9,-9,0.192523315,-0.074676872,-9,0,1,0,0
6,1982,California,0.414,0.036,0,0,0.308206107,0.581266198,-9,-9,0.388666578,-9,0.180185766,-0.005236258,-9,0,2,0,0
6,1983,California,0.38,0.038,0,0,0.317073171,0.590925723,-9,0.32928843,-9,-9,0.185925099,0.155960169,-9,0,3,0,0
6,1984,California,0.405,0.036,0,0,0.330178759,0.589799636,-9,-9,0.357138874,-9,0.19048166,0.03191719,-9,0,4,0,0
6,1985,California,0.354,0.031,0,0,0.355801105,0.587478261,-9,0.342903618,0.277240597,-9,0.182298923,0.014788185,-9,0,5,0,0
6,1986,California,0.367,0.038,0,0,0.344086022,0.597029703,-9,0.297176749,-9,-9,0.161027775,-0.053617952,-9,0,6,0,0
6,1987,California,0.376,0.036,0,0,0.327153762,0.582074176,-9,-9,0.300481116,-9,0.186736479,0.050624433,-9,0,7,0,0
6,1988,California,0.396,0.031,0,0,0.322391559,0.603048376,-9,0.4250307,0.334392947,-9,0.192093665,-0.088676385,-9,0,7.91,0.09,0
6,1989,California,0.417,0.033,0,0,0.371158392,0.590972708,-9,0.434629065,0.348804133,-9,-9,-0.023557104,-9,0,8.73,0.27,0
6,1990,California,0.379,0.031,0,0,0.371764706,0.616864941,-9,0.395541909,0.304117958,-9,0.151720196,-0.175993106,-9,0,9.45,0.55,0
6,1991,California,0.368,0.031,1,0,0.325898389,0.581986937,-9,0.404845716,0.300192403,-9,0.154076373,-0.019359884,-9,0,10.09,0.91,0
6,1992,California,0.402,0.047,1,0,0.304106548,0.60205528,-9,-9,-9,-9,0.151101858,-0.102750319,-9,0,10.64,1.36,0
6,1993,California,0.386,0.031,1,1,0.332125604,0.590744995,-9,0.47147901,0.355155962,-9,0.152914096,-0.105081517,-9,0,11.09,1.91,0
6,1994,California,0.31,0.036,1,1,0.382533825,0.580200069,-9,-9,0.234772232,-9,0.173162217,-0.094675562,-9,0,11.45,2.55,0
6,1995,California,0.337,0.047,1,1,0.360264901,0.556992174,-9,-9,-9,-9,0.169532647,-0.332279552,-9,0,11.73,3.27,0
6,1996,California,0.291,0.031,1,1,0.286666667,0.562452972,-9,0.237215623,0.308027108,-9,0.167788171,-0.657054788,-9,0,11.91,4.09,0
6,1997,California,0.3,0.029,1,1,0.326873385,0.556099398,-9,0.347820934,-9,0.32270494,0.162568085,-0.844210401,-9,0,12,5,0
6,1998,California,0.241,0.036,1,1,0.291989664,0.558879212,-9,-9,0.198553994,-9,0.097368633,-1.056209347,-9,0,12,6,0
6,1999,California,0.271,0.036,1,1,0.314417178,0.547216495,-9,0.253743664,-9,-9,0.157187944,-0.863539279,-0.649713603,0,12,7,0
6,2000,California,0.274,0.026,1,1,0.307443366,0.551680136,-9,0.319309857,0.205961801,0.343543161,0.157698424,-1.125090262,-0.743360241,0,12,7.91,0.09
6,2001,California,0.229,0.021,1,1,0.337301587,0.550064461,0.214033918,-9,-9,-9,0.156527749,-1.124564832,-0.797075042,0,12,8.73,0.27
6,2002,California,0.228,0.035,1,1,0.243319269,0.523241955,-9,-9,0.207165818,-9,0.156495978,-1.183212923,-0.98425093,0,12,9.45,0.55
6,2003,California,0.198,0.032,1,1,0.232653061,0.501126972,-9,-9,-9,0.215295922,0.154670221,-1.104677471,-1.202189231,0,12,10.09,0.91
6,2004,California,0.203,0.028,1,1,0.216545012,0.466614297,-9,-9,0.214677854,0.238407755,0.154942574,-1.062389653,-1.171225228,0,12,10.64,1.36
6,2005,California,0.209,0.044,1,1,0.212737127,0.474878444,-9,-9,-9,-9,0.153424526,-1.089425782,-1.09607878,0,12,11.09,1.91
6,2006,California,0.202,0.035,1,1,0.194444444,0.454615981,-9,-9,0.217267702,-9,0.150769144,-1.115750191,-1.152930396,0,12,11.45,2.55
6,2007,California,0.185,0.032,1,1,0.198317308,0.453790614,-9,-9,-9,0.21619451,0.150088249,-1.12973197,-0.965166864,0,12,11.73,3.27
6,2008,California,0.175,0.035,1,1,0.177272727,0.456649396,-9,-9,0.168038338,-9,0.149238724,-1.222108567,-1.213441669,0,12,11.91,4.09
6,2009,California,0.196,0.032,1,1,0.182713348,0.464764524,-9,-9,-9,0.244749031,0.149415851,-1.218736003,-1.219829036,0,12,12,5
6,2010,California,0.174,0.028,1,1,0.200226244,0.434136679,-9,-9,0.168003063,0.22314768,0.148455205,-1.32958086,-1.17386439,0,12,12,6
6,2011,California,0.16,0.032,1,1,0.189274448,0.454515599,-9,-9,-9,0.17657792,0.146927323,-1.362881327,-1.15398104,0,12,12,7
6,2012,California,0.214,0.026,1,1,0.206855792,0.450935346,-9,0.394300994,0.20890312,0.212818583,0.150334464,-1.385960469,-1.181694977,0,12,12,8
6,2013,California,0.155,0.032,1,1,0.200424178,0.448410123,-9,-9,-9,0.235708797,0.145863724,-1.434835333,-1.148382111,1,12,12,9
6,2014,California,0.183,0.035,1,1,0.191836735,0.431045145,-9,-9,0.187158672,-9,0.146260652,-1.477369406,-1.025822926,1,12,12,10
6,2015,California,0.151,0.032,1,1,0.164149043,0.439823566,-9,-9,-9,0.235507313,0.145829198,-1.508137086,-1.155857493,1,12,12,11
6,2016,California,0.163,0.028,1,1,0.182547643,0.428571429,-9,-9,0.186860452,0.240007863,0.160670983,-1.473129582,-0.898778235,1,12,12,12
8,1980,Colorado,0.54,0.031,0,0,0.407407407,0.64640884,-9,0.538322786,0.545517829,-9,0.402154139,0.242487736,-9,0,0,0,0
8,1981,Colorado,0.525,0.047,0,0,0.423357664,0.663316583,-9,-9,-9,-9,0.406779477,0.399237979,-9,0,1,0,0
8,1982,Colorado,0.574,0.036,0,0,0.401960784,0.597014925,-9,-9,0.618670744,-9,0.411737329,0.371404159,-9,0,2,0,0
8,1983,Colorado,0.49,0.038,0,0,0.404761905,0.656884876,-9,0.453559932,-9,-9,0.407414551,0.52499254,-9,0,3,0,0
8,1984,Colorado,0.593,0.036,0,0,0.5,0.67804878,-9,-9,0.600817295,-9,0.350842428,0.44216074,-9,0,4,0,0
8,1985,Colorado,0.517,0.031,0,0,0.447761194,0.63310962,-9,0.6522533,0.413104471,-9,0.342175299,0.509179022,-9,0,5,0,0
8,1986,Colorado,0.495,0.038,0,0,0.4,0.614864865,-9,0.529096764,-9,-9,0.332986736,0.556768221,-9,0,6,0,0
8,1987,Colorado,0.528,0.036,0,0,0.458715596,0.560706402,-9,-9,0.529343478,-9,0.366820653,0.707552772,-9,0,7,0,0
8,1988,Colorado,0.527,0.031,0,0,0.340740741,0.650862069,-9,0.674158574,0.434605306,-9,0.341680688,0.483294156,-9,0,7.91,0.09,0
8,1989,Colorado,0.54,0.031,0,0,0.306122449,0.592017738,-9,0.633362112,0.534652376,-9,0.343102409,0.567038518,-9,0,8.73,0.27,0
8,1990,Colorado,0.535,0.031,0,0,0.37037037,0.621076233,-9,0.588196688,0.521050994,-9,0.363078752,0.478150029,-9,0,9.45,0.55,0
8,1991,Colorado,0.519,0.031,0,0,0.325,0.600451467,-9,0.623117151,0.48408841,-9,0.357609763,0.36209725,-9,0,10.09,0.91,0
8,1992,Colorado,0.483,0.047,0,0,0.430656934,0.616052061,-9,-9,-9,-9,0.339688437,0.235278804,-9,0,10.64,1.36,0
8,1993,Colorado,0.48,0.031,0,0,0.503703704,0.667372881,-9,0.503224432,0.395415301,-9,0.337619691,0.33394913,-9,0,11.09,1.91,0
8,1994,Colorado,0.49,0.036,0,0,0.386363636,0.624481328,-9,-9,0.470229772,-9,0.321379755,0.27299844,-9,0,11.45,2.55,0
8,1995,Colorado,0.445,0.047,0,0,0.330882353,0.579150579,-9,-9,-9,-9,0.330690974,0.491189833,-9,0,11.73,3.27,0
8,1996,Colorado,0.465,0.031,0,0,0.408,0.606326889,-9,0.456220702,0.454750409,-9,0.324817381,0.380849006,-9,0,11.91,4.09,0
8,1997,Colorado,0.445,0.029,0,0,0.447154472,0.600409836,-9,0.432903478,-9,0.481911182,0.308378974,0.306159026,-9,0,12,5,0
8,1998,Colorado,0.409,0.036,0,0,0.363636364,0.567346939,-9,-9,0.365952397,-9,0.298953988,0.392318227,-9,0,12,6,0
8,1999,Colorado,0.43,0.036,0,0,0.32231405,0.59602649,-9,0.433633136,-9,-9,0.284735719,0.076521576,1.238430868,0,12,7,0
8,2000,Colorado,0.467,0.026,0,0,0.483050847,0.591919192,-9,0.442700091,0.391228058,0.529318622,0.275683996,0.468087657,1.950021015,0,12,7.91,0.09
8,2001,Colorado,0.371,0.021,0,0,0.350993377,0.590192644,0.342236606,-9,-9,-9,0.290429276,0.334442218,2.245868033,0,12,8.73,0.27
8,2002,Colorado,0.363,0.02,0,0,0.286713287,0.580479452,0.352156088,-9,0.338176622,-9,0.293903886,0.317487514,0.489377699,0,12,9.45,0.55
8,2003,Colorado,0.373,0.032,0,0,0.25477707,0.565674256,-9,-9,-9,0.395146628,0.293020681,0.324397278,0.304113956,0,12,10.09,0.91
8,2004,Colorado,0.411,0.018,0,0,0.284946237,0.571194763,0.420237824,-9,0.375986412,0.43637598,0.291173581,0.317154382,0.383650151,0,12,10.64,1.36
8,2005,Colorado,0.378,0.044,0,0,0.28313253,0.550473186,-9,-9,-9,-9,0.289739402,0.274214306,0.448192345,0,12,11.09,1.91
8,2006,Colorado,0.399,0.035,0,0,0.352601156,0.556552962,-9,-9,0.385089371,-9,0.304514331,0.23365395,0.359458917,0,12,11.45,2.55
8,2007,Colorado,0.404,0.032,0,0,0.223463687,0.563291139,-9,-9,-9,0.462814318,0.301097412,0.153703893,0.521132879,0,12,11.73,3.27
8,2008,Colorado,0.402,0.035,0,0,0.233695652,0.555735057,-9,-9,0.400997196,-9,0.29363851,0.17837838,0.844563073,0,12,11.91,4.09
8,2009,Colorado,0.411,0.032,0,0,0.25,0.550068587,-9,-9,-9,0.463770616,0.291193298,0.184361615,1.004064942,0,12,12,5
8,2010,Colorado,0.384,0.028,0,0,0.288557214,0.555722892,-9,-9,0.335469758,0.42760776,0.28517456,0.19695692,0.771716878,0,12,12,6
8,2011,Colorado,0.36,0.032,0,0,0.253588517,0.553977273,-9,-9,-9,0.365323626,0.282643797,0.242816855,0.832178038,0,12,12,7
8,2012,Colorado,0.414,0.026,0,0,0.265560166,0.578298397,-9,0.501626954,0.420640855,0.408148169,0.283777632,0.250859263,0.519219524,0,12,12,8
8,2013,Colorado,0.394,0.032,1,0,0.256809339,0.564,-9,-9,-9,0.502715567,0.283346271,0.386873276,0.700286899,1,12,12,9
8,2014,Colorado,0.385,0.035,1,0,0.283333333,0.558718861,-9,-9,0.365837149,-9,0.280480072,0.363376083,0.548077666,1,12,12,10
8,2015,Colorado,0.369,0.032,1,0,0.286290323,0.556213018,-9,-9,-9,0.453384659,0.279511205,0.318957543,0.638615451,1,12,12,11
8,2016,Colorado,0.379,0.028,1,0,0.337164751,0.578831312,-9,-9,0.322769717,0.476515905,0.281930716,0.20884484,0.814156164,1,12,12,12
9,1980,Connecticut,0.256,0.031,0,0,-9,0.419811321,-9,0.276539364,0.240520278,-9,0.186244448,-1.037757718,-9,0,0,0,0
9,1981,Connecticut,0.298,0.047,0,0,-9,0.471111111,-9,-9,-9,-9,0.190033402,-1.027119097,-9,0,1,0,0
9,1982,Connecticut,0.315,0.036,0,0,0.216666667,0.569060773,-9,-9,0.239978168,-9,0.195018441,-0.896736024,-9,0,2,0,0
9,1983,Connecticut,0.3,0.038,0,0,0.26,0.462264151,-9,0.273655455,-9,-9,0.209547868,-0.768721739,-9,0,3,0,0
9,1984,Connecticut,0.295,0.036,0,0,0.193548387,0.448598131,-9,-9,0.258830934,-9,0.202082654,-0.558912779,-9,0,4,0,0
9,1985,Connecticut,0.254,0.031,0,0,0.234042553,0.464135021,-9,0.17447099,0.223328263,-9,0.205812615,-0.473649622,-9,0,5,0,0
9,1986,Connecticut,0.284,0.038,0,0,0.189655172,0.497975709,-9,0.203469531,-9,-9,0.204902858,-0.486214711,-9,0,6,0,0
9,1987,Connecticut,0.3,0.036,0,0,0.25862069,0.477178423,-9,-9,0.226225114,-9,0.206818884,-0.268772665,-9,0,7,0,0
9,1988,Connecticut,0.261,0.031,0,0,-9,0.492805755,-9,0.209370891,0.211009373,-9,0.209937821,-0.331324179,-9,0,7.91,0.09,0
9,1989,Connecticut,0.318,0.031,0,0,0.306451613,0.456431535,-9,0.281837681,0.309930915,-9,0.213045938,-0.38496495,-9,0,8.73,0.27,0
9,1990,Connecticut,0.315,0.031,0,0,0.209677419,0.46835443,-9,0.27724429,0.304651944,-9,0.216825854,0.035895284,-9,0,9.45,0.55,0
9,1991,Connecticut,0.322,0.031,0,0,0.25,0.50729927,-9,0.287832028,0.279487576,-9,0.221593342,0.243885494,-9,0,10.09,0.91,0
9,1992,Connecticut,0.375,0.047,0,0,0.314814815,0.487704918,-9,-9,-9,-9,0.210141971,0.155195883,-9,0,10.64,1.36,0
9,1993,Connecticut,0.309,0.031,0,0,0.393939394,0.521186441,-9,0.244189331,0.260889102,-9,0.208477715,-0.202645063,-9,0,11.09,1.91,0
9,1994,Connecticut,0.316,0.036,0,0,0.211267606,0.513833992,-9,-9,0.25648198,-9,0.209877157,-0.174565612,-9,0,11.45,2.55,0
9,1995,Connecticut,0.293,0.047,1,1,0.213114754,0.503816794,-9,-9,-9,-9,0.210327996,-0.432083348,-9,0,11.73,3.27,0
9,1996,Connecticut,0.238,0.031,1,1,0.169491525,0.472103004,-9,0.158899025,0.280543761,-9,0.206427034,-0.572857872,-9,0,11.91,4.09,0
9,1997,Connecticut,0.228,0.029,1,1,0.176470588,0.466346154,-9,0.280669772,-9,0.23892217,0.203471637,-0.677847569,-9,0,12,5,0
9,1998,Connecticut,0.219,0.036,1,1,0.163636364,0.400990099,-9,-9,0.237468203,-9,0.203158816,-0.891303949,-9,0,12,6,0
9,1999,Connecticut,0.198,0.036,1,1,0.070175439,0.493087558,-9,0.153651657,-9,-9,0.201243007,-0.735252815,-1.144365729,0,12,7,0
9,2000,Connecticut,0.202,0.026,1,1,0.131147541,0.432098765,-9,0.224730106,0.161331686,0.292297209,0.199880601,-0.866331375,-1.692557192,0,12,7.91,0.09
9,2001,Connecticut,0.189,0.021,1,1,0.096153846,0.476190476,0.183183886,-9,-9,-9,0.199097542,-0.959666932,-1.350045626,0,12,8.73,0.27
9,2002,Connecticut,0.193,0.02,1,1,0.074074074,0.393203883,0.18531556,-9,0.252075316,-9,0.198200826,-1.012240019,-0.902927495,0,12,9.45,0.55
9,2003,Connecticut,0.179,0.032,1,1,0.166666667,0.378640777,-9,-9,-9,0.219408895,0.19154013,-0.905316087,-0.871707647,0,12,10.09,0.91
9,2004,Connecticut,0.166,0.018,1,1,0.15625,0.413043478,0.136066586,-9,0.271851996,0.216484556,0.197139401,-0.962700322,-0.977315082,0,12,10.64,1.36
9,2005,Connecticut,0.202,0.044,1,1,0.140625,0.445887446,-9,-9,-9,-9,0.19092141,-0.879223936,-0.975599716,0,12,11.09,1.91
9,2006,Connecticut,0.174,0.035,1,1,0.066666667,0.323275862,-9,-9,0.232954086,-9,0.189826121,-0.893282289,-0.97783188,0,12,11.45,2.55
9,2007,Connecticut,0.116,0.032,1,1,0.086206897,0.342723005,-9,-9,-9,0.134191039,0.186723033,-0.99192604,-0.864151463,0,12,11.73,3.27
9,2008,Connecticut,0.192,0.035,1,1,0.171428571,0.395918367,-9,-9,0.202627797,-9,0.184907405,-0.852895428,-0.719914855,0,12,11.91,4.09
9,2009,Connecticut,0.185,0.032,1,1,0.139240506,0.345991561,-9,-9,-9,0.250124117,0.184485695,-0.841180006,-0.711013971,0,12,12,5
9,2010,Connecticut,0.172,0.028,1,1,0.094594595,0.369175627,-9,-9,0.212464685,0.20007053,0.181767418,-0.978875807,-0.687401882,0,12,12,6
9,2011,Connecticut,0.163,0.032,1,1,0.101265823,0.35395189,-9,-9,-9,0.212083891,0.185498292,-0.92805327,-0.782653877,0,12,12,7
9,2012,Connecticut,0.183,0.026,1,1,0.119565217,0.362318841,-9,0.212545795,0.207610256,0.228813181,0.190410676,-0.851575457,-0.772828132,0,12,12,8
9,2013,Connecticut,0.141,0.032,1,1,0.068493151,0.338521401,-9,-9,-9,0.244112606,0.184855438,-0.837602909,-0.756717929,1,12,12,9
9,2014,Connecticut,0.2,0.035,1,1,0.106796117,0.413043478,-9,-9,0.204234396,-9,0.178247315,-0.804620344,-0.47712775,1,12,12,10
9,2015,Connecticut,0.192,0.032,1,1,0.077669903,0.341637011,-9,-9,-9,0.324354652,0.185960914,-0.940903649,-0.263876785,1,12,12,11
9,2016,Connecticut,0.188,0.028,1,1,0.07826087,0.358156028,-9,-9,0.245674815,0.272317062,0.188096983,-0.843627833,-0.439762876,1,12,12,12
10,1980,Delaware,0.345,0.047,0,0,-9,0.490196078,-9,-9,-9,-9,0.203054825,-0.271134158,-9,0,0,0,0
10,1981,Delaware,0.396,0.047,0,0,-9,0.590163934,-9,-9,-9,-9,0.248685492,-0.563857966,-9,0,1,0,0
10,1982,Delaware,0.385,0.047,0,0,-9,0.58,-9,-9,-9,-9,0.243847171,-0.646377925,-9,0,2,0,0
10,1983,Delaware,0.294,0.047,0,0,-9,0.41509434,-9,-9,-9,-9,0.235054186,-0.783301021,-9,0,3,0,0
10,1984,Delaware,0.344,0.047,0,0,-9,0.528301887,-9,-9,-9,-9,0.239900381,-0.728890639,-9,0,4,0,0
10,1985,Delaware,0.331,0.047,0,0,-9,0.509803922,-9,-9,-9,-9,0.240054379,-0.956206303,-9,0,5,0,0
10,1986,Delaware,0.415,0.038,0,0,-9,0.597014925,-9,0.462778003,-9,-9,0.234642786,-1.142232972,-9,0,6,0,0
10,1987,Delaware,0.4,0.047,0,0,-9,0.589041096,-9,-9,-9,-9,0.239471776,-1.229929393,-9,0,7,0,0
10,1988,Delaware,0.431,0.038,0,0,-9,0.569230769,-9,0.601543874,-9,-9,0.250583562,-1.08157538,-9,0,7.91,0.09,0
10,1989,Delaware,0.483,0.038,0,0,0.375,0.696202532,-9,0.546002887,-9,-9,0.252203221,-0.950899532,-9,0,8.73,0.27,0
10,1990,Delaware,0.398,0.038,0,0,0.166666667,0.548387097,-9,0.509991978,-9,-9,0.238983871,-1.037640569,-9,0,9.45,0.55,0
10,1991,Delaware,0.385,0.038,0,0,0.227272727,0.473684211,-9,0.515245515,-9,-9,0.24677783,-0.978563861,-9,0,10.09,0.91,0
10,1992,Delaware,0.378,0.047,0,0,0.32,0.555555556,-9,-9,-9,-9,0.230990898,-0.980388977,-9,0,10.64,1.36,0
10,1993,Delaware,0.397,0.031,0,0,0.1,0.5,-9,0.56198847,0.381183005,-9,0.222140374,-0.855335971,-9,0,11.09,1.91,0
10,1994,Delaware,0.441,0.036,0,0,0.428571429,0.590909091,-9,-9,0.445274443,-9,0.227930955,-0.874216477,-9,0,11.45,2.55,0
10,1995,Delaware,0.353,0.047,0,0,0.235294118,0.555555556,-9,-9,-9,-9,0.211318688,-0.877215625,-9,0,11.73,3.27,0
10,1996,Delaware,0.392,0.036,0,0,0.294117647,0.6125,-9,-9,0.3684482,-9,0.211176524,-0.74879512,-9,0,11.91,4.09,0
10,1997,Delaware,0.326,0.033,0,0,0.142857143,0.438356164,-9,-9,-9,0.409332118,0.20938968,-0.9171368,-9,0,12,5,0
10,1998,Delaware,0.326,0.036,0,0,0.363636364,0.526315789,-9,-9,0.290894813,-9,0.207717149,-0.93479493,-9,0,12,6,0
10,1999,Delaware,0.319,0.036,0,0,0.230769231,0.561643836,-9,0.321388184,-9,-9,0.20177409,-0.662384276,-0.682000899,0,12,7,0
10,2000,Delaware,0.352,0.028,0,0,0.3,0.548387097,-9,-9,0.299250901,0.434261842,0.201278456,-0.679956114,-0.695181342,0,12,7.91,0.09
10,2001,Delaware,0.3,0.021,0,0,0.434782609,0.505882353,0.292305993,-9,-9,-9,0.19572225,-0.664441408,-0.649385949,0,12,8.73,0.27
10,2002,Delaware,0.317,0.02,0,0,0.125,0.560606061,0.304126465,-9,0.379221076,-9,0.200152639,-0.692891955,-0.64324831,0,12,9.45,0.55
10,2003,Delaware,0.304,0.032,0,0,0.2,0.536231884,-9,-9,-9,0.350390103,0.187252346,-0.799619995,-0.678251856,0,12,10.09,0.91
10,2004,Delaware,0.331,0.019,0,0,0.347826087,0.528571429,0.343354714,-9,-9,0.343620309,0.197162965,-0.66800695,-0.721776433,0,12,10.64,1.36
10,2005,Delaware,0.3,0.044,0,0,0.214285714,0.565217391,-9,-9,-9,-9,0.184220441,-0.862699176,-0.713902184,0,12,11.09,1.91
10,2006,Delaware,0.303,0.035,0,0,0.411764706,0.472972973,-9,-9,0.320806879,-9,0.172227921,-0.897138697,-0.802253826,0,12,11.45,2.55
10,2007,Delaware,0.262,0.032,0,0,0.375,0.521126761,-9,-9,-9,0.270566356,0.174059084,-1.017960703,-0.849329004,0,12,11.73,3.27
10,2008,Delaware,0.263,0.035,0,0,0.047619048,0.454545455,-9,-9,0.307587687,-9,0.211428647,-1.085394047,-0.843169196,0,12,11.91,4.09
10,2009,Delaware,0.265,0.032,0,0,0.19047619,0.395348837,-9,-9,-9,0.34664268,0.207068415,-1.015417176,-0.790794694,0,12,12,5
10,2010,Delaware,0.269,0.028,0,0,0.166666667,0.454545455,-9,-9,0.285097046,0.315377506,0.213453435,-0.984580599,-0.83931216,0,12,12,6
10,2011,Delaware,0.309,0.032,0,0,0.375,0.456790123,-9,-9,-9,0.37512588,0.208266437,-0.929741979,-0.822677809,0,12,12,7
10,2012,Delaware,0.308,0.026,0,0,0.25,0.402061856,-9,0.395506045,0.338172637,0.350826585,0.203722015,-0.894099899,-0.771575214,0,12,12,8
10,2013,Delaware,0.289,0.032,1,0,0.290322581,0.56043956,-9,-9,-9,0.373201505,0.200173933,-0.859887417,-0.604049783,1,12,12,9
10,2014,Delaware,0.301,0.035,1,0,0.076923077,0.57,-9,-9,0.307331551,-9,0.163349357,-0.790649754,-0.318141382,1,12,12,10
10,2015,Delaware,0.32,0.032,1,0,0.371428571,0.482758621,-9,-9,-9,0.432484965,0.230213445,-0.687916314,-0.258823456,1,12,12,11
10,2016,Delaware,0.387,0.028,1,0,0.428571429,0.571428571,-9,-9,0.381303805,0.499978554,0.231977338,-0.676873538,-0.209438738,1,12,12,12
12,1980,Florida,0.437,0.031,0,0,0.454332553,0.669459963,-9,0.363523296,0.450963679,-9,0.205119815,-0.965925875,-9,0,0,0,0
12,1981,Florida,0.467,0.047,0,0,0.492682927,0.68622449,-9,-9,-9,-9,0.206867269,-0.963663477,-9,0,1,0,0
12,1982,Florida,0.423,0.036,0,0,0.501118568,0.682193839,-9,-9,0.332858606,-9,0.207085398,-0.763792408,-9,0,2,0,0
12,1983,Florida,0.468,0.038,0,0,0.443478261,0.671653543,-9,0.507283691,-9,-9,0.205155352,-0.648272223,-9,0,3,0,0
12,1984,Florida,0.44,0.036,0,0,0.460496614,0.667392883,-9,-9,0.378214405,-9,0.200909111,-0.640847725,-9,0,4,0,0
12,1985,Florida,0.418,0.031,0,0,0.425692695,0.668285913,-9,0.375076418,0.388620488,-9,0.201383657,-0.718194654,-9,0,5,0,0
12,1986,Florida,0.414,0.038,0,0,0.458244111,0.660042583,-9,0.368252052,-9,-9,0.195845613,-0.781255675,-9,0,6,0,0
12,1987,Florida,0.426,0.036,0,0,0.430703625,0.664304124,-9,-9,0.365697085,-9,0.195454051,-0.838532931,-9,0,7,0,0
12,1988,Florida,0.397,0.031,0,0,0.458874459,0.671660424,-9,0.424536753,0.294826851,-9,0.195005565,-0.74913998,-9,0,7.91,0.09,0
12,1989,Florida,0.461,0.031,0,0,0.432835821,0.685749844,-9,0.511509541,0.399180797,-9,0.181652217,-0.474685585,-9,0,8.73,0.27,0
12,1990,Florida,0.411,0.031,0,0,0.425178147,0.678678679,-9,0.386044436,0.366245976,-9,0.170109007,-0.705748721,-9,0,9.45,0.55,0
12,1991,Florida,0.459,0.031,0,0,0.440366972,0.66305003,-9,0.459598237,0.458365034,-9,0.161151377,-0.776058639,-9,0,10.09,0.91,0
12,1992,Florida,0.426,0.047,0,0,0.403153153,0.64813645,-9,-9,-9,-9,0.158441191,-0.836134761,-9,0,10.64,1.36,0
12,1993,Florida,0.429,0.031,0,0,0.432595573,0.647887324,-9,0.438323763,0.405477706,-9,0.155467954,-0.677333363,-9,0,11.09,1.91,0
12,1994,Florida,0.383,0.036,0,0,0.431279621,0.656382335,-9,-9,0.302502507,-9,0.152992051,-0.731000458,-9,0,11.45,2.55,0
12,1995,Florida,0.419,0.047,0,0,0.434782609,0.638888889,-9,-9,-9,-9,0.1502322,-0.696489673,-9,0,11.73,3.27,0
12,1996,Florida,0.364,0.031,0,0,0.395833333,0.628704242,-9,0.348880453,0.331646157,-9,0.148737635,-0.892041689,-9,0,11.91,4.09,0
12,1997,Florida,0.366,0.029,0,0,0.43107221,0.61730652,-9,0.411139275,-9,0.365894559,0.15769759,-1.006618337,-9,0,12,5,0
12,1998,Florida,0.319,0.036,0,0,0.378378378,0.593107618,-9,-9,0.25486946,-9,0.145871594,-1.087856383,-9,0,12,6,0
12,1999,Florida,0.33,0.036,0,0,0.415178571,0.600885515,-9,0.314607702,-9,-9,0.142661829,-0.863092927,-0.931164326,0,12,7,0
12,2000,Florida,0.32,0.026,0,0,0.401425178,0.610810811,-9,0.352762619,0.259113155,0.363416605,0.140561412,-1.112324298,-0.844987583,0,12,7.91,0.09
12,2001,Florida,0.268,0.021,0,0,0.310546875,0.576026637,0.254658536,-9,-9,-9,0.142631084,-1.205192657,-0.766270522,0,12,8.73,0.27
12,2002,Florida,0.277,0.02,0,0,0.319230769,0.571507151,0.274433888,-9,0.236289689,-9,0.140855152,-1.161177665,-0.809399817,0,12,9.45,0.55
12,2003,Florida,0.266,0.032,0,0,0.331991952,0.598333333,-9,-9,-9,0.253667045,0.135706381,-1.129050294,-0.813501507,0,12,10.09,0.91
12,2004,Florida,0.234,0.018,0,0,0.344651952,0.552222222,0.220304473,-9,0.226463503,0.261734003,0.137888168,-1.135667342,-0.803118982,0,12,10.64,1.36
12,2005,Florida,0.295,0.044,0,0,0.314878893,0.554550594,-9,-9,-9,-9,0.132481328,-1.151089188,-0.686884894,0,12,11.09,1.91
12,2006,Florida,0.282,0.035,0,0,0.322638146,0.556679085,-9,-9,0.25108638,-9,0.132218824,-1.051171353,-0.641917937,0,12,11.45,2.55
12,2007,Florida,0.261,0.032,0,0,0.315699659,0.549225387,-9,-9,-9,0.265577078,0.125310694,-0.953298216,-0.600534302,0,12,11.73,3.27
12,2008,Florida,0.303,0.035,0,0,0.341423948,0.558906692,-9,-9,0.287868441,-9,0.120542746,-0.871837449,-0.544673718,0,12,11.91,4.09
12,2009,Florida,0.281,0.032,0,0,0.34733441,0.561411344,-9,-9,-9,0.297258469,0.090198913,-0.909848335,-0.485451094,0,12,12,5
12,2010,Florida,0.27,0.028,0,0,0.357256778,0.568917669,-9,-9,0.214385264,0.298422357,0.128398359,-0.819434294,-0.465012947,0,12,12,6
12,2011,Florida,0.325,0.032,0,0,0.321656051,0.571936057,-9,-9,-9,0.367015802,0.128425566,-0.728764176,-0.460927178,0,12,12,7
12,2012,Florida,0.309,0.026,0,0,0.349527665,0.570986289,-9,0.40818526,0.29508691,0.297585707,0.127366837,-0.691406833,-0.448399723,0,12,12,8
12,2013,Florida,0.279,0.032,0,0,0.380607815,0.582476531,-9,-9,-9,0.326840726,0.134633736,-0.628974338,-0.434847424,1,12,12,9
12,2014,Florida,0.284,0.035,0,0,0.319660537,0.563573883,-9,-9,0.223645083,-9,0.130990815,-0.683708132,-0.374453852,1,12,12,10
12,2015,Florida,0.277,0.032,0,0,0.317105263,0.56809816,-9,-9,-9,0.335622078,0.134126342,-0.75537146,-0.326153752,1,12,12,11
12,2016,Florida,0.288,0.028,0,0,0.353689567,0.591429784,-9,-9,0.232072013,0.374912729,0.127688819,-0.777548843,-0.222021679,1,12,12,12
13,1980,Georgia,0.609,0.031,0,0,0.668711656,0.811428571,-9,0.57760507,0.595497576,-9,0.396189286,-0.696233881,-9,0,0,0,0
13,1981,Georgia,0.617,0.047,0,0,0.725274725,0.82183908,-9,-9,-9,-9,0.396636735,-0.671805282,-9,0,1,0,0
13,1982,Georgia,0.615,0.036,0,0,0.698863636,0.777777778,-9,-9,0.583455352,-9,0.386114759,-0.666564883,-9,0,2,0,0
13,1983,Georgia,0.596,0.038,0,0,0.736842105,0.798,-9,0.613613075,-9,-9,0.384664077,-0.825256247,-9,0,3,0,0
13,1984,Georgia,0.603,0.036,0,0,0.686131387,0.826758148,-9,-9,0.536141538,-9,0.38292258,-0.768211773,-9,0,4,0,0
13,1985,Georgia,0.578,0.031,0,0,0.668831169,0.75,-9,0.596406918,0.53753509,-9,0.384807406,-0.75841569,-9,0,5,0,0
13,1986,Georgia,0.55,0.038,0,0,0.688311688,0.776212833,-9,0.505931393,-9,-9,0.38512186,-0.653895364,-9,0,6,0,0
13,1987,Georgia,0.61,0.036,0,0,0.708791209,0.790372671,-9,-9,0.549056299,-9,0.390423787,-0.391055831,-9,0,7,0,0
13,1988,Georgia,0.583,0.031,0,0,0.647398844,0.759587021,-9,0.696638783,0.468996454,-9,0.384048545,-0.392189866,-9,0,7.91,0.09,0
13,1989,Georgia,0.594,0.031,0,0,0.655172414,0.78267254,-9,0.659163825,0.505890739,-9,0.383364552,-0.244500848,-9,0,8.73,0.27,0
13,1990,Georgia,0.574,0.031,0,0,0.724550898,0.755960729,-9,0.567634181,0.520145085,-9,0.382569953,-0.410397608,-9,0,9.45,0.55,0
13,1991,Georgia,0.574,0.031,0,0,0.626666667,0.759084791,-9,0.62081918,0.510615928,-9,0.376022876,-0.542417795,-9,0,10.09,0.91,0
13,1992,Georgia,0.569,0.047,0,0,0.630434783,0.766716196,-9,-9,-9,-9,0.377545103,-0.656039357,-9,0,10.64,1.36,0
13,1993,Georgia,0.566,0.031,0,0,0.696296296,0.782246879,-9,0.560149274,0.509760432,-9,0.369924319,-0.54160479,-9,0,11.09,1.91,0
13,1994,Georgia,0.525,0.036,0,0,0.537931034,0.77826087,-9,-9,0.443899994,-9,0.364525228,-0.587808314,-9,0,11.45,2.55,0
13,1995,Georgia,0.548,0.047,0,0,0.670967742,0.737313433,-9,-9,-9,-9,0.361404922,-0.655835382,-9,0,11.73,3.27,0
13,1996,Georgia,0.52,0.031,0,0,0.636986301,0.764216366,-9,0.481100747,0.488157454,-9,0.352268091,-0.86156402,-9,0,11.91,4.09,0
13,1997,Georgia,0.499,0.029,0,0,0.549450549,0.755894591,-9,0.53803739,-9,0.498618532,0.336224694,-0.845822715,-9,0,12,5,0
13,1998,Georgia,0.507,0.036,0,0,0.567073171,0.770516717,-9,-9,0.447601539,-9,0.326242109,-0.832838437,-9,0,12,6,0
13,1999,Georgia,0.488,0.036,0,0,0.609195402,0.746781116,-9,0.454429608,-9,-9,0.320066444,-0.571539136,0.447828355,0,12,7,0
13,2000,Georgia,0.467,0.026,0,0,0.541436464,0.735735736,-9,0.508021116,0.359249353,0.514052648,0.31450425,-0.737429434,0.257399148,0,12,7.91,0.09
13,2001,Georgia,0.427,0.021,0,0,0.543956044,0.699867198,0.416791246,-9,-9,-9,0.313863405,-0.781897274,0.046229111,0,12,8.73,0.27
13,2002,Georgia,0.442,0.02,0,0,0.536723164,0.709016393,0.449532867,-9,0.350688405,-9,0.321122964,-0.690765533,-0.10037557,0,12,9.45,0.55
13,2003,Georgia,0.396,0.032,0,0,0.542857143,0.703889586,-9,-9,-9,0.368822337,0.317778132,-0.727394894,-0.167907038,0,12,10.09,0.91
13,2004,Georgia,0.43,0.018,0,0,0.525,0.64683053,0.457139625,-9,0.374708978,0.40128451,0.316308136,-0.831854888,-0.571555883,0,12,10.64,1.36
13,2005,Georgia,0.416,0.044,0,0,0.497206704,0.672483221,-9,-9,-9,-9,0.312335569,-0.852413499,-0.459470669,0,12,11.09,1.91
13,2006,Georgia,0.395,0.035,0,0,0.538860104,0.679452055,-9,-9,0.319583782,-9,0.314257025,-0.746681258,-0.26814953,0,12,11.45,2.55
13,2007,Georgia,0.388,0.032,0,0,0.469387755,0.685393258,-9,-9,-9,0.392026984,0.310976754,-0.763489287,-0.561870556,0,12,11.73,3.27
13,2008,Georgia,0.395,0.035,0,0,0.520361991,0.659210526,-9,-9,0.343037362,-9,0.345768251,-0.879278325,-0.580236289,0,12,11.91,4.09
13,2009,Georgia,0.453,0.032,0,0,0.516129032,0.694130926,-9,-9,-9,0.367408498,1.076257185,-0.915511274,-0.681332945,0,12,12,5
13,2010,Georgia,0.364,0.028,0,0,0.502074689,0.669282511,-9,-9,0.288543199,0.384954153,0.344257648,-0.838304787,-0.701365635,0,12,12,6
13,2011,Georgia,0.421,0.032,0,0,0.532258065,0.671067107,-9,-9,-9,0.447221015,0.332645437,-0.703692045,-0.6795632,0,12,12,7
13,2012,Georgia,0.401,0.026,0,0,0.520754717,0.677740864,-9,0.468539053,0.376822656,0.390775292,0.305472485,-0.775160135,-0.726496607,0,12,12,8
13,2013,Georgia,0.379,0.032,0,0,0.459259259,0.661358811,-9,-9,-9,0.456521915,0.294463825,-0.729795734,-0.799348312,1,12,12,9
13,2014,Georgia,0.382,0.035,0,0,0.513513514,0.68968969,-9,-9,0.303801949,-9,0.296059582,-0.763474649,-0.711581886,1,12,12,10
13,2015,Georgia,0.361,0.032,0,0,0.466237942,0.673956262,-9,-9,-9,0.407383679,0.299277042,-0.694222426,-0.672427589,1,12,12,11
13,2016,Georgia,0.377,0.028,0,0,0.47266881,0.659380692,-9,-9,0.310039574,0.472257887,0.354964361,-0.916168074,-0.801951631,1,12,12,12
15,1980,Hawaii,0.266,0.038,1,1,-9,0.488095238,-9,0.294118381,-9,-9,0.108089096,-0.909427526,-9,0,0,0,0
15,1981,Hawaii,0.241,0.047,1,1,-9,0.396825397,-9,-9,-9,-9,0.110156981,-0.290986388,-9,0,1,0,0
15,1982,Hawaii,0.159,0.047,1,1,-9,0.320512821,-9,-9,-9,-9,0.108039649,-0.841186246,-9,0,2,0,0
15,1983,Hawaii,0.195,0.038,1,1,-9,0.297297297,-9,0.314327382,-9,-9,0.107169563,-0.923430217,-9,0,3,0,0
15,1984,Hawaii,0.202,0.047,1,1,-9,0.397849462,-9,-9,-9,-9,0.106784423,-0.636307572,-9,0,4,0,0
15,1985,Hawaii,0.217,0.038,1,1,-9,0.348484848,-9,0.291020795,-9,-9,0.104548583,-0.516373873,-9,0,5,0,0
15,1986,Hawaii,0.219,0.038,1,1,-9,0.383561644,-9,0.257785771,-9,-9,0.108335367,-0.804335827,-9,0,6,0,0
15,1987,Hawaii,0.23,0.047,1,1,-9,0.388888889,-9,-9,-9,-9,0.106450715,-0.408193599,-9,0,7,0,0
15,1988,Hawaii,0.184,0.047,1,1,-9,0.324324324,-9,-9,-9,-9,0.109759998,-0.305755268,-9,0,7.91,0.09,0
15,1989,Hawaii,0.233,0.047,1,1,0.153846154,0.385542169,-9,-9,-9,-9,0.104727136,-0.005552786,-9,0,8.73,0.27,0
15,1990,Hawaii,0.186,0.047,1,1,0.04,0.33,-9,-9,-9,-9,0.108451987,-0.04732835,-9,0,9.45,0.55,0
15,1991,Hawaii,0.211,0.047,1,1,0.1,0.367816092,-9,-9,-9,-9,0.09403416,0.007694166,-9,0,10.09,0.91,0
15,1992,Hawaii,0.192,0.047,1,1,0.181818182,0.291666667,-9,-9,-9,-9,0.094406245,0.209517132,-9,0,10.64,1.36,0
15,1993,Hawaii,0.188,0.047,1,1,0.055555556,0.294117647,-9,-9,-9,-9,0.093903028,0.828494413,-9,0,11.09,1.91,0
15,1994,Hawaii,0.254,0.047,1,1,0.115384615,0.419642857,-9,-9,-9,-9,0.095834821,0.779957473,-9,0,11.45,2.55,0
15,1995,Hawaii,0.227,0.047,1,1,0.242424242,0.339449541,-9,-9,-9,-9,0.094510243,0.618045501,-9,0,11.73,3.27,0
15,1996,Hawaii,0.146,0.047,1,1,0.103448276,0.244897959,-9,-9,-9,-9,0.094853504,0.320806048,-9,0,11.91,4.09,0
15,1997,Hawaii,0.176,0.047,1,1,0.071428571,0.345454545,-9,-9,-9,-9,0.092193766,0.083320643,-9,0,12,5,0
15,1998,Hawaii,0.124,0.047,1,1,0.117647059,0.280487805,-9,-9,-9,-9,0.092038136,-0.71648542,-9,0,12,6,0
15,1999,Hawaii,0.075,0.044,1,1,0,0.214953271,-9,-9,-9,-9,0.089112324,-0.648508365,-1.601762893,0,12,7,0
15,2000,Hawaii,0.124,0.044,1,1,0.076923077,0.315315315,-9,-9,-9,-9,0.088727924,-0.82532697,-1.415245168,0,12,7.91,0.09
15,2001,Hawaii,0.103,0.021,1,1,0.121212121,0.262135922,0.10404954,-9,-9,-9,0.086467699,-0.991467898,-1.389295885,0,12,8.73,0.27
15,2002,Hawaii,0.098,0.021,1,1,0.115384615,0.191489362,0.109076253,-9,-9,-9,0.086280118,-1.114532091,-1.414914535,0,12,9.45,0.55
15,2003,Hawaii,0.063,0.044,1,1,0.060606061,0.224489796,-9,-9,-9,-9,0.082830345,-1.146227916,-1.449350696,0,12,10.09,0.91
15,2004,Hawaii,0.2,0.02,1,1,0.115384615,0.311111111,0.231944635,-9,0.191537006,-9,0.085122144,-1.115205681,-1.479191616,0,12,10.64,1.36
15,2005,Hawaii,0.072,0.044,1,1,0.151515152,0.22972973,-9,-9,-9,-9,0.081487522,-1.176335292,-1.468147365,0,12,11.09,1.91
15,2006,Hawaii,0.116,0.035,1,1,0.09375,0.204545455,-9,-9,0.228327894,-9,0.077782371,-1.392364614,-1.479153864,0,12,11.45,2.55
15,2007,Hawaii,0.064,0.044,1,1,0.09375,0.237623762,-9,-9,-9,-9,0.077719016,-1.145626948,-1.517696357,0,12,11.73,3.27
15,2008,Hawaii,0.099,0.035,1,1,0.075,0.268817204,-9,-9,0.154011727,-9,0.082202054,-1.198852459,-1.468560264,0,12,11.91,4.09
15,2009,Hawaii,0.062,0.044,1,1,0.054054054,0.246376812,-9,-9,-9,-9,0.074162268,-1.214132405,-1.47268152,0,12,12,5
15,2010,Hawaii,0.084,0.035,1,1,0.041666667,0.220125786,-9,-9,0.150610674,-9,0.074327065,-1.154823405,-1.454800113,0,12,12,6
15,2011,Hawaii,0.081,0.044,1,1,0.131578947,0.258741259,-9,-9,-9,-9,0.08198956,-1.298554738,-1.457779827,0,12,12,7
15,2012,Hawaii,0.12,0.029,1,1,0.051282051,0.271523179,-9,0.172818172,-9,0.207784169,0.085043346,-1.48854819,-1.474477696,0,12,12,8
15,2013,Hawaii,0.073,0.032,1,1,0.075,0.190839695,-9,-9,-9,0.230815185,0.084690784,-1.660169429,-1.550699769,1,12,12,9
15,2014,Hawaii,0.034,0.044,1,1,0.073170732,0.18404908,-9,-9,-9,-9,0.07304418,-1.727329178,-1.506626187,1,12,12,10
15,2015,Hawaii,0.096,0.032,1,1,0.046511628,0.265822785,-9,-9,-9,0.254151118,0.087623058,-2.072159372,-1.572404232,1,12,12,11
15,2016,Hawaii,0.091,0.032,1,1,0.172413793,0.220689655,-9,-9,-9,0.249687765,0.089928685,-2.244039378,-1.695030301,1,12,12,12
16,1980,Idaho,0.659,0.047,0,0,0.5,0.725490196,-9,-9,-9,-9,0.723936905,1.349760866,-9,0,0,0,0
16,1981,Idaho,0.675,0.047,0,0,0.44,0.764227642,-9,-9,-9,-9,0.75289486,1.3811119,-9,0,1,0,0
16,1982,Idaho,0.685,0.047,0,0,0.620689655,0.76146789,-9,-9,-9,-9,0.722420127,0.97925146,-9,0,2,0,0
16,1983,Idaho,0.67,0.047,0,0,0.535714286,0.746153846,-9,-9,-9,-9,0.718344413,1.183936656,-9,0,3,0,0
16,1984,Idaho,0.579,0.047,0,0,0.303030303,0.661157025,-9,-9,-9,-9,0.713882489,0.792138644,-9,0,4,0,0
16,1985,Idaho,0.666,0.038,0,0,0.5,0.761061947,-9,0.669182874,-9,-9,0.707772192,1.465056295,-9,0,5,0,0
16,1986,Idaho,0.625,0.038,0,0,0.413793103,0.709459459,-9,0.638231902,-9,-9,0.71968082,1.124764717,-9,0,6,0,0
16,1987,Idaho,0.649,0.047,0,0,0.586206897,0.693877551,-9,-9,-9,-9,0.723951735,0.931113763,-9,0,7,0,0
16,1988,Idaho,0.691,0.038,0,0,0.517241379,0.793333333,-9,0.731229252,-9,-9,0.71586143,0.956358762,-9,0,7.91,0.09,0
16,1989,Idaho,0.663,0.038,0,0,0.46875,0.734375,-9,0.698425208,-9,-9,0.758035747,1.044122114,-9,0,8.73,0.27,0
16,1990,Idaho,0.664,0.038,0,0,0.606060606,0.742138365,-9,0.644407101,-9,-9,0.765795624,1.200132983,-9,0,9.45,0.55,0
16,1991,Idaho,0.669,0.038,0,0,0.482758621,0.779411765,-9,0.685165253,-9,-9,0.752149556,0.965106725,-9,0,10.09,0.91,0
16,1992,Idaho,0.666,0.047,0,0,0.428571429,0.782312925,-9,-9,-9,-9,0.733838742,1.077216331,-9,0,10.64,1.36,0
16,1993,Idaho,0.676,0.038,0,0,0.703703704,0.740740741,-9,0.671451696,-9,-9,0.745532013,1.186702907,-9,0,11.09,1.91,0
16,1994,Idaho,0.617,0.047,0,0,0.348837209,0.721518987,-9,-9,-9,-9,0.720753911,1.147495862,-9,0,11.45,2.55,0
16,1995,Idaho,0.663,0.047,0,0,0.617647059,0.730263158,-9,-9,-9,-9,0.69247292,1.387812685,-9,0,11.73,3.27,0
16,1996,Idaho,0.601,0.038,0,0,0.466666667,0.74829932,-9,0.507275561,-9,-9,0.816717903,1.369186252,-9,0,11.91,4.09,0
16,1997,Idaho,0.586,0.029,0,0,0.5,0.712707182,-9,0.541778163,-9,0.570175569,0.835608604,1.473670992,-9,0,12,5,0
16,1998,Idaho,0.622,0.047,0,0,0.46875,0.698224852,-9,-9,-9,-9,0.77914868,1.258510672,-9,0,12,6,0
16,1999,Idaho,0.583,0.036,0,0,0.527777778,0.731034483,-9,0.496081912,-9,-9,0.78714445,0.761491194,1.326866921,0,12,7,0
16,2000,Idaho,0.609,0.029,0,0,0.518518519,0.664285714,-9,0.506689457,-9,0.682861512,0.765529862,1.318481224,1.344664465,0,12,7.91,0.09
16,2001,Idaho,0.573,0.021,0,0,0.452830189,0.713375796,0.564803764,-9,-9,-9,0.737615258,1.226604818,0.969096043,0,12,8.73,0.27
16,2002,Idaho,0.576,0.021,0,0,0.461538462,0.710227273,0.572536669,-9,-9,-9,0.733038609,1.165616598,0.802544625,0,12,9.45,0.55
16,2003,Idaho,0.51,0.032,0,0,0.34375,0.681081081,-9,-9,-9,0.485775973,0.730333903,1.162412669,0.756387658,0,12,10.09,0.91
16,2004,Idaho,0.557,0.018,0,0,0.4,0.696335079,0.565198929,-9,0.483490052,0.557765452,0.71936747,1.171229274,0.691922924,0,12,10.64,1.36
16,2005,Idaho,0.589,0.044,0,0,0.428571429,0.751295337,-9,-9,-9,-9,0.713557825,1.163636007,0.759577413,0,12,11.09,1.91
16,2006,Idaho,0.554,0.035,0,0,0.372093023,0.720670391,-9,-9,0.483833471,-9,0.71233179,1.14193061,0.796856675,0,12,11.45,2.55
16,2007,Idaho,0.561,0.032,0,0,0.323529412,0.71957672,-9,-9,-9,0.575518186,0.728461393,1.14131003,0.818134312,0,12,11.73,3.27
16,2008,Idaho,0.543,0.035,0,0,0.408163265,0.63546798,-9,-9,0.50580207,-9,0.723702995,1.082311163,0.652960272,0,12,11.91,4.09
16,2009,Idaho,0.541,0.032,0,0,0.371428571,0.641025641,-9,-9,-9,0.575278986,0.719004322,1.135044368,0.452673291,0,12,12,5
16,2010,Idaho,0.523,0.028,0,0,0.301886792,0.700421941,-9,-9,0.448734032,0.543757973,0.735482414,1.051444825,0.442836657,0,12,12,6
16,2011,Idaho,0.466,0.032,0,0,0.274193548,0.684931507,-9,-9,-9,0.421714597,0.726595313,1.033283939,0.490272061,0,12,12,7
16,2012,Idaho,0.552,0.029,0,0,0.3125,0.669527897,-9,0.639321422,-9,0.555866733,0.740237067,1.146187438,0.390195137,0,12,12,8
16,2013,Idaho,0.542,0.032,0,0,0.453125,0.700819672,-9,-9,-9,0.605656938,0.730019945,1.151560131,0.290506837,1,12,12,9
16,2014,Idaho,0.53,0.044,0,0,0.3625,0.6375,-9,-9,-9,-9,0.745507195,1.176458472,0.291682401,1,12,12,10
16,2015,Idaho,0.509,0.032,0,0,0.384615385,0.658362989,-9,-9,-9,0.562844423,0.746208361,1.188354116,0.324174745,1,12,12,11
16,2016,Idaho,0.578,0.032,0,0,0.43902439,0.665427509,-9,-9,-9,0.682871621,0.714829614,1.396697636,0.388481222,1,12,12,12
17,1980,Illinois,0.312,0.031,0,1,0.229437229,0.534688995,-9,0.344602258,0.282254944,-9,0.214251936,-0.576223059,-9,0,0,0,0
17,1981,Illinois,0.307,0.047,0,1,0.268199234,0.490243902,-9,-9,-9,-9,0.214945556,-0.69666605,-9,0,1,0,0
17,1982,Illinois,0.295,0.036,0,1,0.26744186,0.477629988,-9,-9,0.276123722,-9,0.218545416,-0.664402991,-9,0,2,0,0
17,1983,Illinois,0.305,0.038,0,1,0.229927007,0.476958525,-9,0.359898741,-9,-9,0.220405488,-0.886155551,-9,0,3,0,0
17,1984,Illinois,0.301,0.036,0,1,0.206779661,0.506578947,-9,-9,0.288757823,-9,0.221420917,-0.837486232,-9,0,4,0,0
17,1985,Illinois,0.334,0.031,0,1,0.201413428,0.501002004,-9,0.37329194,0.355268625,-9,0.21912319,-0.954787764,-9,0,5,0,0
17,1986,Illinois,0.287,0.038,0,1,0.202205882,0.492522433,-9,0.306048337,-9,-9,0.218921894,-0.976055372,-9,0,6,0,0
17,1987,Illinois,0.309,0.036,0,1,0.240458015,0.501054852,-9,-9,0.302032409,-9,0.221449254,-0.91020507,-9,0,7,0,0
17,1988,Illinois,0.339,0.031,0,1,0.277153558,0.544715447,-9,0.413539236,0.298152996,-9,0.230311617,-0.915031162,-9,0,7.91,0.09,0
17,1989,Illinois,0.37,0.031,0,1,0.273913043,0.513283741,-9,0.475438508,0.354188406,-9,0.23487651,-0.764674073,-9,0,8.73,0.27,0
17,1990,Illinois,0.36,0.031,0,1,0.266129032,0.538461538,-9,0.400662326,0.363924604,-9,0.237154333,-0.757480017,-9,0,9.45,0.55,0
17,1991,Illinois,0.336,0.031,0,1,0.247011952,0.526652452,-9,0.411106735,0.301630829,-9,0.265321401,-0.819142905,-9,0,10.09,0.91,0
17,1992,Illinois,0.324,0.047,0,1,0.241803279,0.521158129,-9,-9,-9,-9,0.284739147,-0.819778161,-9,0,10.64,1.36,0
17,1993,Illinois,0.308,0.031,0,1,0.309322034,0.543290043,-9,0.296404736,0.283926714,-9,0.278458536,-0.923676342,-9,0,11.09,1.91,0
17,1994,Illinois,0.324,0.036,0,1,0.345,0.482718894,-9,-9,0.31124033,-9,0.32928804,-0.919881784,-9,0,11.45,2.55,0
17,1995,Illinois,0.327,0.047,0,1,0.275700935,0.528761062,-9,-9,-9,-9,0.308718748,-0.864708519,-9,0,11.73,3.27,0
17,1996,Illinois,0.288,0.031,0,1,0.295454545,0.504161712,-9,0.294487746,0.262278464,-9,0.316327636,-0.895800863,-9,0,11.91,4.09,0
17,1997,Illinois,0.297,0.029,0,1,0.25625,0.499325236,-9,0.338524765,-9,0.322714925,0.313015009,-0.794590276,-9,0,12,5,0
17,1998,Illinois,0.269,0.036,0,1,0.269230769,0.519323671,-9,-9,0.22676361,-9,0.301534518,-1.076784921,-9,0,12,6,0
17,1999,Illinois,0.279,0.036,0,1,0.24120603,0.527405603,-9,0.29249742,-9,-9,0.260039714,-1.085046683,-1.057757544,0,12,7,0
17,2000,Illinois,0.286,0.026,0,1,0.245989305,0.471813725,-9,0.384983391,0.269781476,0.320421666,0.259407937,-0.99275831,-1.063749709,0,12,7.91,0.09
17,2001,Illinois,0.218,0.021,0,1,0.265116279,0.484848485,0.202118586,-9,-9,-9,0.295561758,-0.936941218,-1.072776477,0,12,8.73,0.27
17,2002,Illinois,0.232,0.02,0,1,0.188073394,0.458468177,0.22497541,-9,0.242795103,-9,0.298436843,-0.887302712,-1.110929275,0,12,9.45,0.55
17,2003,Illinois,0.218,0.032,0,1,0.157303371,0.451380552,-9,-9,-9,0.245217302,0.290218098,-0.913857373,-1.110100655,0,12,10.09,0.91
17,2004,Illinois,0.226,0.018,0,1,0.23923445,0.411477411,0.208270958,-9,0.252814024,0.310683362,0.297674748,-0.9059968,-1.117811969,0,12,10.64,1.36
17,2005,Illinois,0.23,0.044,0,1,0.220720721,0.434027778,-9,-9,-9,-9,0.289597212,-0.894757114,-1.131422433,0,12,11.09,1.91
17,2006,Illinois,0.245,0.035,0,1,0.195,0.411111111,-9,-9,0.276631978,-9,0.303356883,-0.768319776,-1.131674465,0,12,11.45,2.55
17,2007,Illinois,0.225,0.032,0,1,0.177777778,0.433748584,-9,-9,-9,0.267188941,0.308875583,-0.850817489,-1.12677424,0,12,11.73,3.27
17,2008,Illinois,0.205,0.035,0,1,0.12987013,0.421923475,-9,-9,0.193236924,-9,0.320991013,-0.875871932,-1.097573162,0,12,11.91,4.09
17,2009,Illinois,0.243,0.032,0,1,0.145098039,0.395878525,-9,-9,-9,0.316432592,0.320366573,-0.882404891,-1.039170237,0,12,12,5
17,2010,Illinois,0.243,0.028,0,1,0.144067797,0.433121019,-9,-9,0.244139636,0.296414487,0.322923258,-0.83978657,-0.991177063,0,12,12,6
17,2011,Illinois,0.243,0.032,0,1,0.147186147,0.429145729,-9,-9,-9,0.295162866,0.327555606,-0.813029008,-0.960590408,0,12,12,7
17,2012,Illinois,0.266,0.026,0,1,0.196911197,0.424975799,-9,0.351235133,0.268451321,0.299850522,0.324256528,-0.780530952,-0.940976742,0,12,12,8
17,2013,Illinois,0.244,0.032,0,1,0.204697987,0.425219941,-9,-9,-9,0.353711374,0.319156031,-0.75833475,-0.85382647,1,12,12,9
17,2014,Illinois,0.238,0.035,0,1,0.177083333,0.434234234,-9,-9,0.22378381,-9,0.318325787,-0.712749081,-0.764369313,1,12,12,10
17,2015,Illinois,0.238,0.032,0,1,0.186206897,0.410997204,-9,-9,-9,0.34520106,0.319187592,-0.649888582,-0.840667378,1,12,12,11
17,2016,Illinois,0.226,0.028,0,1,0.151898734,0.416742493,-9,-9,0.254503164,0.290751749,0.334341167,-0.50122804,-0.611012002,1,12,12,12
18,1980,Indiana,0.541,0.031,0,0,0.433962264,0.701716738,-9,0.514978582,0.555694873,-9,0.298304367,0.123668663,-9,0,0,0,0
18,1981,Indiana,0.484,0.047,0,0,0.379562044,0.65738758,-9,-9,-9,-9,0.310743566,0.002260818,-9,0,1,0,0
18,1982,Indiana,0.515,0.036,0,0,0.346938776,0.662473795,-9,-9,0.499843553,-9,0.314046676,0.232494863,-9,0,2,0,0
18,1983,Indiana,0.49,0.038,0,0,0.424460432,0.635270541,-9,0.523111962,-9,-9,0.315403218,0.138372282,-9,0,3,0,0
18,1984,Indiana,0.509,0.036,0,0,0.401459854,0.667311412,-9,-9,0.486711273,-9,0.310858613,-0.153294164,-9,0,4,0,0
18,1985,Indiana,0.494,0.031,0,0,0.360655738,0.640831758,-9,0.431290458,0.534118045,-9,0.306543534,0.011592622,-9,0,5,0,0
18,1986,Indiana,0.449,0.038,0,0,0.327272727,0.642990654,-9,0.451952124,-9,-9,0.287535909,-0.129760362,-9,0,6,0,0
18,1987,Indiana,0.507,0.036,0,0,0.457142857,0.668393782,-9,-9,0.466143748,-9,0.30008478,-0.00078165,-9,0,7,0,0
18,1988,Indiana,0.531,0.031,0,0,0.439252336,0.691588785,-9,0.572064414,0.496086369,-9,0.310056299,-0.006767018,-9,0,7.91,0.09,0
18,1989,Indiana,0.505,0.031,0,0,0.325925926,0.662983425,-9,0.548465723,0.475927761,-9,0.308208743,0.144005771,-9,0,8.73,0.27,0
18,1990,Indiana,0.527,0.031,0,0,0.407407407,0.693086003,-9,0.527642562,0.513812842,-9,0.323399926,0.074947694,-9,0,9.45,0.55,0
18,1991,Indiana,0.533,0.031,0,0,0.430894309,0.634482759,-9,0.543642054,0.552266782,-9,0.327660567,0.017261707,-9,0,10.09,0.91,0
18,1992,Indiana,0.505,0.047,0,0,0.409090909,0.678632479,-9,-9,-9,-9,0.343040543,0.062671168,-9,0,10.64,1.36,0
18,1993,Indiana,0.517,0.031,0,0,0.360655738,0.696223317,-9,0.649978441,0.422538778,-9,0.338197292,-0.009922429,-9,0,11.09,1.91,0
18,1994,Indiana,0.505,0.036,0,0,0.461538462,0.658163265,-9,-9,0.472564939,-9,0.339360701,0.014552481,-9,0,11.45,2.55,0
18,1995,Indiana,0.5,0.047,0,0,0.433962264,0.680743243,-9,-9,-9,-9,0.340608294,0.079474825,-9,0,11.73,3.27,0
18,1996,Indiana,0.479,0.031,0,0,0.431818182,0.693069307,-9,0.403893465,0.472393854,-9,0.346447526,0.194892441,-9,0,11.91,4.09,0
18,1997,Indiana,0.413,0.029,0,0,0.417322835,0.659468439,-9,0.387725959,-9,0.401008622,0.344300321,0.30915926,-9,0,12,5,0
18,1998,Indiana,0.467,0.036,0,0,0.388429752,0.657439446,-9,-9,0.431211566,-9,0.325432391,0.110834356,-9,0,12,6,0
18,1999,Indiana,0.405,0.036,0,0,0.339622642,0.636015326,-9,0.378014602,-9,-9,0.32329856,0.171010111,-0.13331468,0,12,7,0
18,2000,Indiana,0.444,0.026,0,0,0.420168067,0.640070922,-9,0.491872183,0.391675952,0.498050932,0.319696461,0.111881847,-0.730161094,0,12,7.91,0.09
18,2001,Indiana,0.387,0.021,0,0,0.44137931,0.60877193,0.383752228,-9,-9,-9,0.315456092,0.061303416,-0.937826173,0,12,8.73,0.27
18,2002,Indiana,0.408,0.02,0,0,0.437037037,0.639802632,0.417957548,-9,0.343909774,-9,0.308791779,0.047344758,-0.997292198,0,12,9.45,0.55
18,2003,Indiana,0.364,0.032,0,0,0.383458647,0.608623549,-9,-9,-9,0.383836061,0.260929758,-0.023416716,-0.792689704,0,12,10.09,0.91
18,2004,Indiana,0.391,0.018,0,0,0.319148936,0.603907638,0.38424781,-9,0.392905778,0.42805144,0.306877512,-0.051476239,-0.260405751,0,12,10.64,1.36
18,2005,Indiana,0.37,0.044,0,0,0.286885246,0.611556982,-9,-9,-9,-9,0.25922072,-0.043643181,-0.337975764,0,12,11.09,1.91
18,2006,Indiana,0.386,0.035,0,0,0.326666667,0.583086053,-9,-9,0.389799658,-9,0.277159188,-0.147396496,-0.311712867,0,12,11.45,2.55
18,2007,Indiana,0.358,0.032,0,0,0.313253012,0.544871795,-9,-9,-9,0.40582577,0.258802056,-0.135105996,-0.294495817,0,12,11.73,3.27
18,2008,Indiana,0.374,0.035,0,0,0.377358491,0.6,-9,-9,0.34524868,-9,0.26220298,-0.118309802,-0.231210031,0,12,11.91,4.09
18,2009,Indiana,0.4,0.032,0,0,0.328767123,0.601173021,-9,-9,-9,0.453534195,0.261501428,-0.084701413,-0.1422772,0,12,12,5
18,2010,Indiana,0.391,0.028,0,0,0.354166667,0.575892857,-9,-9,0.40616918,0.411070205,0.258381768,-0.069531412,-0.136557461,0,12,12,6
18,2011,Indiana,0.351,0.032,0,0,0.269035533,0.523391813,-9,-9,-9,0.39517759,0.263936004,-0.081527714,-0.072270892,0,12,12,7
18,2012,Indiana,0.432,0.026,0,0,0.368421053,0.590666667,-9,0.579322186,0.374256182,0.460435813,0.270685647,-0.012786708,0.08417135,0,12,12,8
18,2013,Indiana,0.406,0.032,0,0,0.375661376,0.598675497,-9,-9,-9,0.510870169,0.267829614,0.038690534,0.165869806,1,12,12,9
18,2014,Indiana,0.424,0.035,0,0,0.34375,0.611111111,-9,-9,0.419258407,-9,0.26877167,0.114934723,0.252769642,1,12,12,10
18,2015,Indiana,0.394,0.032,0,0,0.356382979,0.582901554,-9,-9,-9,0.489498177,0.246891314,0.240823858,0.350739123,1,12,12,11
18,2016,Indiana,0.424,0.028,0,0,0.43814433,0.602380952,-9,-9,0.370503981,0.535434757,0.248126708,0.292802848,0.51166661,1,12,12,12
19,1980,Iowa,0.552,0.031,0,0,0.230769231,0.579925651,-9,0.569169422,0.604894972,-9,0.472723703,0.525436326,-9,0,0,0,0
19,1981,Iowa,0.524,0.047,0,0,0.333333333,0.659836066,-9,-9,-9,-9,0.484551723,0.380241222,-9,0,1,0,0
19,1982,Iowa,0.53,0.036,0,0,0.274509804,0.627906977,-9,-9,0.518266607,-9,0.489761765,0.363892633,-9,0,2,0,0
19,1983,Iowa,0.437,0.038,0,0,0.212121212,0.615384615,-9,0.396668329,-9,-9,0.47988145,0.082794114,-9,0,3,0,0
19,1984,Iowa,0.512,0.036,0,0,0.273972603,0.583941606,-9,-9,0.525495093,-9,0.476408615,-0.143875669,-9,0,4,0,0
19,1985,Iowa,0.546,0.031,0,0,0.3125,0.667896679,-9,0.574474904,0.582085124,-9,0.280110061,-0.089033264,-9,0,5,0,0
19,1986,Iowa,0.48,0.038,0,0,0.2,0.614334471,-9,0.528471032,-9,-9,0.461722144,0.085212323,-9,0,6,0,0
19,1987,Iowa,0.47,0.036,0,0,0.220779221,0.551083591,-9,-9,0.468608777,-9,0.473053464,-0.110452843,-9,0,7,0,0
19,1988,Iowa,0.513,0.031,0,0,0.234375,0.622047244,-9,0.643660717,0.444033241,-9,0.491054317,-0.158971136,-9,0,7.91,0.09,0
19,1989,Iowa,0.515,0.031,0,0,0.26,0.59245283,-9,0.594328285,0.494132019,-9,0.493885679,-0.194412168,-9,0,8.73,0.27,0
19,1990,Iowa,0.51,0.031,1,1,0.315789474,0.577060932,-9,0.591377614,0.535325053,-9,0.513250704,-0.291535025,-9,0,9.45,0.55,0
19,1991,Iowa,0.5,0.031,1,1,0.092592593,0.647686833,-9,0.586908638,0.516979149,-9,0.502952348,-0.243768751,-9,0,10.09,0.91,0
19,1992,Iowa,0.463,0.047,1,1,0.318181818,0.666666667,-9,-9,-9,-9,0.496236254,-0.162433029,-9,0,10.64,1.36,0
19,1993,Iowa,0.462,0.038,1,1,0.316666667,0.569767442,-9,0.59551672,-9,-9,0.483227572,-0.37862222,-9,0,11.09,1.91,0
19,1994,Iowa,0.397,0.047,1,1,0.189189189,0.607017544,-9,-9,-9,-9,0.473420473,-0.334805545,-9,0,11.45,2.55,0
19,1995,Iowa,0.397,0.047,1,1,0.26,0.578947368,-9,-9,-9,-9,0.490697668,-0.258441657,-9,0,11.73,3.27,0
19,1996,Iowa,0.451,0.038,1,1,0.32,0.586715867,-9,0.549807558,-9,-9,0.489218351,-0.058064918,-9,0,11.91,4.09,0
19,1997,Iowa,0.437,0.029,1,1,0.403225806,0.660777385,-9,0.414762154,-9,0.471206722,0.492340217,-0.088918892,-9,0,12,5,0
19,1998,Iowa,0.347,0.047,1,1,0.220588235,0.490421456,-9,-9,-9,-9,0.498770266,0.12397281,-9,0,12,6,0
19,1999,Iowa,0.397,0.036,1,1,0.32,0.564705882,-9,0.469395526,-9,-9,0.506943244,0.069950838,-1.027240458,0,12,7,0
19,2000,Iowa,0.477,0.029,1,1,0.204545455,0.604081633,-9,0.536578311,-9,0.589438727,0.503686275,0.137419478,-0.950642032,0,12,7.91,0.09
19,2001,Iowa,0.398,0.021,1,1,0.217391304,0.569767442,0.409969965,-9,-9,-9,0.50025667,0.242266538,-0.977856031,0,12,8.73,0.27
19,2002,Iowa,0.417,0.021,1,1,0.25,0.564,0.435815856,-9,-9,-9,0.506622785,0.265041764,-0.996704845,0,12,9.45,0.55
19,2003,Iowa,0.389,0.032,1,1,0.283333333,0.551369863,-9,-9,-9,0.456274168,0.511019383,0.124283294,-0.945366925,0,12,10.09,0.91
19,2004,Iowa,0.423,0.018,1,1,0.125,0.515679443,0.432515882,-9,0.433601883,0.498315399,0.504956164,0.125524297,-0.921300427,0,12,10.64,1.36
19,2005,Iowa,0.359,0.044,1,1,0.230769231,0.596078431,-9,-9,-9,-9,0.509080281,0.161452911,-0.92923494,0,12,11.09,1.91
19,2006,Iowa,0.375,0.035,1,1,0.225806452,0.496323529,-9,-9,0.428866099,-9,0.530945607,0.120530819,-0.961211054,0,12,11.45,2.55
19,2007,Iowa,0.388,0.032,1,1,0.129032258,0.480769231,-9,-9,-9,0.511028906,0.536308571,0.152377679,-1.022415658,0,12,11.73,3.27
19,2008,Iowa,0.396,0.035,1,1,0.25,0.525974026,-9,-9,0.455412139,-9,0.543367072,0.144592977,-1.096982398,0,12,11.91,4.09
19,2009,Iowa,0.387,0.032,1,1,0.161764706,0.508532423,-9,-9,-9,0.49419684,0.534841213,0.225639121,-1.178351217,0,12,12,5
19,2010,Iowa,0.411,0.028,1,1,0.25,0.526315789,-9,-9,0.419257511,0.489907588,0.529609932,0.288294065,-1.173223228,0,12,12,6
19,2011,Iowa,0.376,0.032,1,1,0.222222222,0.48973607,-9,-9,-9,0.470663679,0.53007155,0.279277205,-1.237220693,0,12,12,7
19,2012,Iowa,0.409,0.029,1,1,0.306666667,0.493506494,-9,0.492085476,-9,0.495521455,0.525665397,0.386218794,-1.359153585,0,12,12,8
19,2013,Iowa,0.401,0.032,1,1,0.277108434,0.543956044,-9,-9,-9,0.561869136,0.507653621,0.462301601,-1.476850012,1,12,12,9
19,2014,Iowa,0.331,0.044,1,1,0.25,0.532110092,-9,-9,-9,-9,0.503088981,0.487000208,-1.440950002,1,12,12,10
19,2015,Iowa,0.36,0.032,1,1,0.26,0.501501502,-9,-9,-9,0.505972503,0.495899375,0.405600828,-1.517631813,1,12,12,11
19,2016,Iowa,0.385,0.032,1,1,0.205128205,0.568364611,-9,-9,-9,0.54858179,0.417568069,0.553875549,-1.657150216,1,12,12,12
20,1980,Kansas,0.592,0.031,0,0,0.393939394,0.697916667,-9,0.575229053,0.631264428,-9,0.314007251,0.918030722,-9,0,0,0,0
20,1981,Kansas,0.545,0.047,0,0,0.396825397,0.710900474,-9,-9,-9,-9,0.310040303,1.067323845,-9,0,1,0,0
20,1982,Kansas,0.623,0.036,0,0,0.491803279,0.75462963,-9,-9,0.604313358,-9,0.314354999,1.174167275,-9,0,2,0,0
20,1983,Kansas,0.57,0.038,0,0,0.471428571,0.699115044,-9,0.619059851,-9,-9,0.32122743,1.202891743,-9,0,3,0,0
20,1984,Kansas,0.573,0.036,0,0,0.34,0.709163347,-9,-9,0.562659326,-9,0.317765095,1.00999326,-9,0,4,0,0
20,1985,Kansas,0.549,0.031,0,0,0.360655738,0.718614719,-9,0.485086365,0.574353134,-9,0.30558643,0.799150099,-9,0,5,0,0
20,1986,Kansas,0.533,0.038,0,0,0.355932203,0.687272727,-9,0.582932846,-9,-9,0.311880233,0.779077732,-9,0,6,0,0
20,1987,Kansas,0.578,0.036,0,0,0.387096774,0.686131387,-9,-9,0.585581807,-9,0.326228373,0.657909135,-9,0,7,0,0
20,1988,Kansas,0.567,0.031,0,0,0.288135593,0.693548387,-9,0.691528401,0.516434933,-9,0.32352854,0.655609466,-9,0,7.91,0.09,0
20,1989,Kansas,0.569,0.031,0,0,0.368421053,0.701754386,-9,0.664279418,0.537481321,-9,0.254901415,0.613855172,-9,0,8.73,0.27,0
20,1990,Kansas,0.585,0.031,0,0,0.433962264,0.733606557,-9,0.633465636,0.57032441,-9,0.25256508,0.645456892,-9,0,9.45,0.55,0
20,1991,Kansas,0.577,0.031,0,0,0.461538462,0.73255814,-9,0.632469127,0.543873333,-9,0.254352615,0.667577951,-9,0,10.09,0.91,0
20,1992,Kansas,0.539,0.047,0,0,0.585714286,0.692946058,-9,-9,-9,-9,0.245548075,0.641193675,-9,0,10.64,1.36,0
20,1993,Kansas,0.528,0.031,0,0,0.322580645,0.729927007,-9,0.512922664,0.530219804,-9,0.240871203,0.631492845,-9,0,11.09,1.91,0
20,1994,Kansas,0.527,0.036,0,0,0.456140351,0.693617021,-9,-9,0.497403852,-9,0.243697775,0.664999941,-9,0,11.45,2.55,0
20,1995,Kansas,0.513,0.047,0,0,0.531914894,0.680327869,-9,-9,-9,-9,0.238953567,0.661787448,-9,0,11.73,3.27,0
20,1996,Kansas,0.505,0.031,0,0,0.482758621,0.641304348,-9,0.540756233,0.487727206,-9,0.229303874,0.576502754,-9,0,11.91,4.09,0
20,1997,Kansas,0.434,0.029,0,0,0.381818182,0.60754717,-9,0.429345693,-9,0.471544484,0.229610123,0.544273259,-9,0,12,5,0
20,1998,Kansas,0.464,0.036,0,0,0.352941176,0.675182482,-9,-9,0.39297306,-9,0.365417875,0.682429442,-9,0,12,6,0
20,1999,Kansas,0.433,0.036,0,0,0.354166667,0.593625498,-9,0.456623858,-9,-9,0.378716595,0.150620307,0.168720025,0,12,7,0
20,2000,Kansas,0.469,0.026,0,0,0.444444444,0.597785978,-9,0.511495321,0.408225963,0.517555893,0.382329122,0.611701872,0.140030961,0,12,7.91,0.09
20,2001,Kansas,0.417,0.021,0,0,0.345454545,0.592436975,0.413170558,-9,-9,-9,0.378289333,0.587638818,0.071738149,0,12,8.73,0.27
20,2002,Kansas,0.418,0.02,0,0,0.372881356,0.566433566,0.430248827,-9,0.332885332,-9,0.387308682,0.528899463,0.146190767,0,12,9.45,0.55
20,2003,Kansas,0.437,0.032,0,0,0.302631579,0.693726937,-9,-9,-9,0.438976616,0.381852096,0.570217049,0.186104443,0,12,10.09,0.91
20,2004,Kansas,0.428,0.018,0,0,0.329113924,0.611683849,0.420807957,-9,0.394387965,0.478163586,0.385830067,0.571875508,0.165179557,0,12,10.64,1.36
20,2005,Kansas,0.392,0.044,0,0,0.225806452,0.58,-9,-9,-9,-9,0.380298395,0.401028338,0.100820051,0,12,11.09,1.91
20,2006,Kansas,0.426,0.035,0,0,0.314285714,0.611650485,-9,-9,0.407495362,-9,0.368492331,0.380526355,0.193785689,0,12,11.45,2.55
20,2007,Kansas,0.447,0.032,0,0,0.253521127,0.627009646,-9,-9,-9,0.50371867,0.363183738,0.434785438,0.246530314,0,12,11.73,3.27
20,2008,Kansas,0.421,0.035,0,0,0.352941176,0.583916084,-9,-9,0.403093317,-9,0.359007121,0.506506192,0.243962232,0,12,11.91,4.09
20,2009,Kansas,0.43,0.032,0,0,0.275362319,0.57827476,-9,-9,-9,0.482408179,0.356327298,0.510751647,0.439358466,0,12,12,5
20,2010,Kansas,0.439,0.028,0,0,0.259259259,0.590625,-9,-9,0.419621701,0.485843047,0.360564683,0.52773431,0.406344134,0,12,12,6
20,2011,Kansas,0.444,0.032,0,0,0.4625,0.624203822,-9,-9,-9,0.461705555,0.359504849,0.601355265,0.31527021,0,12,12,7
20,2012,Kansas,0.455,0.026,0,0,0.340659341,0.647201946,-9,0.457962248,0.421928098,0.499015452,0.366885799,0.567783919,0.344781488,0,12,12,8
20,2013,Kansas,0.452,0.032,0,0,0.3125,0.626086957,-9,-9,-9,0.569501664,0.339953989,0.593888175,0.236357764,1,12,12,9
20,2014,Kansas,0.419,0.035,0,0,0.262626263,0.595505618,-9,-9,0.409914995,-9,0.34037765,0.64034627,-0.014366182,1,12,12,10
20,2015,Kansas,0.377,0.032,0,0,0.281553398,0.521390374,-9,-9,-9,0.47178022,0.35170957,0.764034793,0.036073633,1,12,12,11
20,2016,Kansas,0.423,0.028,0,0,0.258928571,0.567164179,-9,-9,0.383091297,0.549434053,0.353712213,0.767175162,0.053005321,1,12,12,12
21,1980,Kentucky,0.54,0.038,0,0,0.595959596,0.752021563,-9,0.53453064,-9,-9,0.312149582,-0.236883187,-9,0,0,0,0
21,1981,Kentucky,0.592,0.047,0,0,0.60952381,0.807807808,-9,-9,-9,-9,0.343177589,-0.285925195,-9,0,1,0,0
21,1982,Kentucky,0.592,0.047,0,0,0.625,0.801980198,-9,-9,-9,-9,0.345730752,-0.291126151,-9,0,2,0,0
21,1983,Kentucky,0.571,0.038,0,0,0.587155963,0.808,-9,0.565481728,-9,-9,0.347815725,-0.327575259,-9,0,3,0,0
21,1984,Kentucky,0.626,0.036,0,0,0.6,0.825,-9,-9,0.596381394,-9,0.346693178,-0.387937938,-9,0,4,0,0
21,1985,Kentucky,0.61,0.031,0,0,0.614583333,0.735751295,-9,0.649777933,0.599127059,-9,0.348053792,-0.330612008,-9,0,5,0,0
21,1986,Kentucky,0.57,0.038,0,0,0.601851852,0.79047619,-9,0.565211862,-9,-9,0.361624982,-0.289382591,-9,0,6,0,0
21,1987,Kentucky,0.581,0.036,0,0,0.595959596,0.784841076,-9,-9,0.522025082,-9,0.369412894,-0.437768195,-9,0,7,0,0
21,1988,Kentucky,0.621,0.031,0,0,0.623529412,0.812987013,-9,0.742135494,0.519814509,-9,0.382054571,-0.439511156,-9,0,7.91,0.09,0
21,1989,Kentucky,0.595,0.031,0,0,0.568181818,0.781725888,-9,0.602943234,0.56804197,-9,0.368802779,-0.347760471,-9,0,8.73,0.27,0
21,1990,Kentucky,0.599,0.031,0,0,0.536842105,0.795154185,-9,0.605387837,0.576772009,-9,0.373914345,-0.335065072,-9,0,9.45,0.55,0
21,1991,Kentucky,0.595,0.031,0,0,0.640449438,0.763092269,-9,0.647016275,0.544248209,-9,0.371379184,-0.508897901,-9,0,10.09,0.91,0
21,1992,Kentucky,0.576,0.047,0,0,0.689655172,0.761083744,-9,-9,-9,-9,0.367473279,-0.577478442,-9,0,10.64,1.36,0
21,1993,Kentucky,0.611,0.031,0,0,0.629213483,0.790322581,-9,0.664069741,0.571321595,-9,0.366214573,-0.546580123,-9,0,11.09,1.91,0
21,1994,Kentucky,0.584,0.036,0,0,0.533333333,0.775175644,-9,-9,0.565914949,-9,0.358423311,-0.526680912,-9,0,11.45,2.55,0
21,1995,Kentucky,0.549,0.047,0,0,0.546666667,0.765432099,-9,-9,-9,-9,0.359858336,-0.399972178,-9,0,11.73,3.27,0
21,1996,Kentucky,0.551,0.031,0,0,0.544303797,0.738386308,-9,0.577770457,0.51682714,-9,0.357983868,-0.229946832,-9,0,11.91,4.09,0
21,1997,Kentucky,0.553,0.029,0,0,0.617283951,0.751842752,-9,0.587261294,-9,0.565195643,0.376815661,-0.178397399,-9,0,12,5,0
21,1998,Kentucky,0.585,0.036,0,0,0.454545455,0.782201405,-9,-9,0.570738863,-9,0.380889344,0.182662218,-9,0,12,6,0
21,1999,Kentucky,0.54,0.036,0,0,0.542168675,0.746770026,-9,0.526979677,-9,-9,0.416571492,-0.048244557,1.283094141,0,12,7,0
21,2000,Kentucky,0.553,0.026,0,0,0.529411765,0.752293578,-9,0.590766884,0.480590875,0.579892936,0.404467809,0.0857582,1.205332922,0,12,7.91,0.09
21,2001,Kentucky,0.522,0.021,0,0,0.373626374,0.735148515,0.522729484,-9,-9,-9,0.4000227,0.02045223,1.243794312,0,12,8.73,0.27
21,2002,Kentucky,0.52,0.02,0,0,0.484210526,0.714606742,0.534907229,-9,0.403625629,-9,0.392550827,0.045577636,1.32394076,0,12,9.45,0.55
21,2003,Kentucky,0.507,0.032,0,0,0.541666667,0.738853503,-9,-9,-9,0.501625502,0.38441015,0.01269819,1.247487132,0,12,10.09,0.91
21,2004,Kentucky,0.52,0.018,0,0,0.520833333,0.704741379,0.532185145,-9,0.47321036,0.500904807,0.389880016,0.030978219,1.269334015,0,12,10.64,1.36
21,2005,Kentucky,0.502,0.044,0,0,0.526785714,0.691629956,-9,-9,-9,-9,0.381385087,-0.014556871,1.13783203,0,12,11.09,1.91
21,2006,Kentucky,0.476,0.035,0,0,0.420560748,0.65631068,-9,-9,0.428726132,-9,0.375117069,0.061052793,1.468428879,0,12,11.45,2.55
21,2007,Kentucky,0.509,0.032,0,0,0.512195122,0.682509506,-9,-9,-9,0.550846365,0.356860271,0.14552089,0.919216193,0,12,11.73,3.27
21,2008,Kentucky,0.499,0.035,0,0,0.398305085,0.70242915,-9,-9,0.488386609,-9,0.357243255,0.12669316,0.728257721,0,12,11.91,4.09
21,2009,Kentucky,0.491,0.032,0,0,0.528455285,0.720682303,-9,-9,-9,0.504342747,0.356116226,0.075767054,0.736849781,0,12,12,5
21,2010,Kentucky,0.464,0.028,0,0,0.369369369,0.698076923,-9,-9,0.411068419,0.500795555,0.339216649,0.013339103,0.645649561,0,12,12,6
21,2011,Kentucky,0.529,0.032,0,0,0.537815126,0.699640288,-9,-9,-9,0.592329707,0.331010808,0.032038601,0.602402556,0,12,12,7
21,2012,Kentucky,0.514,0.026,0,0,0.533783784,0.677083333,-9,0.553025266,0.477662645,0.559957857,0.344597754,0.090991799,0.476040063,0,12,12,8
21,2013,Kentucky,0.498,0.032,0,0,0.570469799,0.666666667,-9,-9,-9,0.61192095,0.332542927,0.124291953,0.360609866,1,12,12,9
21,2014,Kentucky,0.467,0.035,0,0,0.537931034,0.67238422,-9,-9,0.421882891,-9,0.334849067,0.127572239,0.338231541,1,12,12,10
21,2015,Kentucky,0.464,0.032,0,0,0.489932886,0.679425837,-9,-9,-9,0.54942889,0.337633,0.10894716,0.363834499,1,12,12,11
21,2016,Kentucky,0.525,0.028,0,0,0.518292683,0.692567568,-9,-9,0.460908772,0.669965413,0.342384215,0.019444155,0.325196929,1,12,12,12
22,1980,Louisiana,0.569,0.031,0,0,0.657407407,0.816377171,-9,0.555533982,0.488865554,-9,0.364932073,-0.146895156,-9,0,0,0,0
22,1981,Louisiana,0.62,0.047,0,0,0.649635036,0.828571429,-9,-9,-9,-9,0.371575701,-0.07439974,-9,0,1,0,0
22,1982,Louisiana,0.574,0.036,0,0,0.728571429,0.802439024,-9,-9,0.460561166,-9,0.373798343,-0.031786981,-9,0,2,0,0
22,1983,Louisiana,0.603,0.038,0,0,0.659574468,0.805869074,-9,0.603569409,-9,-9,0.376185669,0.079333928,-9,0,3,0,0
22,1984,Louisiana,0.57,0.036,0,0,0.623076923,0.795652174,-9,-9,0.483561096,-9,0.370204241,-0.245935833,-9,0,4,0,0
22,1985,Louisiana,0.596,0.031,0,0,0.700729927,0.797327394,-9,0.6021414,0.554478686,-9,0.296338555,-0.311289739,-9,0,5,0,0
22,1986,Louisiana,0.579,0.038,0,0,0.676923077,0.829411765,-9,0.541600848,-9,-9,0.343039291,-0.345749969,-9,0,6,0,0
22,1987,Louisiana,0.603,0.036,0,0,0.748031496,0.819025522,-9,-9,0.525966447,-9,0.349556801,-0.553080648,-9,0,7,0,0
22,1988,Louisiana,0.593,0.031,0,0,0.690140845,0.784897025,-9,0.755050416,0.465491876,-9,0.343101701,-0.90223146,-9,0,7.91,0.09,0
22,1989,Louisiana,0.58,0.031,0,0,0.677419355,0.772727273,-9,0.699418038,0.567561649,-9,0.337880767,-3.466482311,-9,0,8.73,0.27,0
22,1990,Louisiana,0.617,0.031,0,0,0.771186441,0.784090909,-9,0.625960759,0.597961944,-9,0.357787965,-1.001237714,-9,0,9.45,0.55,0
22,1991,Louisiana,0.649,0.031,0,0,0.722772277,0.781181619,-9,0.676938824,0.671488121,-9,0.357069428,-1.223206253,-9,0,10.09,0.91,0
22,1992,Louisiana,0.565,0.047,0,0,0.647727273,0.793650794,-9,-9,-9,-9,0.353603974,-1.1322218,-9,0,10.64,1.36,0
22,1993,Louisiana,0.582,0.031,0,0,0.68,0.786046512,-9,0.665199784,0.507613587,-9,0.353715023,-1.046695882,-9,0,11.09,1.91,0
22,1994,Louisiana,0.575,0.036,0,0,0.624,0.796252927,-9,-9,0.538665322,-9,0.350455856,-1.041355316,-9,0,11.45,2.55,0
22,1995,Louisiana,0.564,0.047,0,0,0.677966102,0.788732394,-9,-9,-9,-9,0.351093211,-0.928539085,-9,0,11.73,3.27,0
22,1996,Louisiana,0.468,0.031,0,0,0.476635514,0.794811321,-9,0.415429207,0.430334248,-9,0.242025521,-0.82705625,-9,0,11.91,4.09,0
22,1997,Louisiana,0.547,0.029,0,0,0.6,0.769607843,-9,0.598286992,-9,0.561166151,0.358701673,-0.828541946,-9,0,12,5,0
22,1998,Louisiana,0.477,0.036,0,0,0.659340659,0.732647815,-9,-9,0.373942497,-9,0.363413766,-0.662264688,-9,0,12,6,0
22,1999,Louisiana,0.513,0.036,0,0,0.57,0.794258373,-9,0.491883057,-9,-9,0.363111575,-0.668872288,0.386215231,0,12,7,0
22,2000,Louisiana,0.505,0.026,0,0,0.530120482,0.732467532,-9,0.541177313,0.390520432,0.582072245,0.369903885,-0.687714829,0.29889963,0,12,7.91,0.09
22,2001,Louisiana,0.45,0.021,0,0,0.612244898,0.739240506,0.440112038,-9,-9,-9,0.238284258,-0.70702028,0.291382074,0,12,8.73,0.27
22,2002,Louisiana,0.485,0.02,0,0,0.530864198,0.732057416,0.482643035,-9,0.450497314,-9,0.361343741,-0.611155052,0.312319935,0,12,9.45,0.55
22,2003,Louisiana,0.476,0.032,0,0,0.515151515,0.732044199,-9,-9,-9,0.492726893,0.352554987,-0.666524494,0.356408321,0,12,10.09,0.91
22,2004,Louisiana,0.491,0.018,0,0,0.54,0.725400458,0.479932601,-9,0.524585081,0.502887161,0.359155393,-0.644941566,0.255161769,0,12,10.64,1.36
22,2005,Louisiana,0.486,0.044,0,0,0.566037736,0.721804511,-9,-9,-9,-9,0.350407446,-0.706381114,0.60514507,0,12,11.09,1.91
22,2006,Louisiana,0.483,0.035,0,0,0.57,0.698979592,-9,-9,0.443907064,-9,0.363328348,-0.609885762,0.680613324,0,12,11.45,2.55
22,2007,Louisiana,0.476,0.032,0,0,0.510416667,0.671361502,-9,-9,-9,0.504006137,0.409163811,-0.466631385,0.6249531,0,12,11.73,3.27
22,2008,Louisiana,0.492,0.035,0,0,0.578431373,0.679069767,-9,-9,0.499563638,-9,0.225552654,-0.349632233,0.737707308,0,12,11.91,4.09
22,2009,Louisiana,0.458,0.032,0,0,0.563829787,0.694444444,-9,-9,-9,0.482898067,0.232116345,-0.425022315,0.642498408,0,12,12,5
22,2010,Louisiana,0.454,0.028,0,0,0.546391753,0.72173913,-9,-9,0.386482805,0.48916464,0.233963555,-0.405852608,0.570254816,0,12,12,6
22,2011,Louisiana,0.467,0.032,0,0,0.504132231,0.699115044,-9,-9,-9,0.507232845,0.236189595,-0.473408934,0.52191699,0,12,12,7
22,2012,Louisiana,0.551,0.026,0,0,0.578947368,0.686635945,-9,0.703780577,0.511706698,0.574497907,0.348985867,-0.577133991,0.482492473,0,12,12,8
22,2013,Louisiana,0.487,0.032,0,0,0.550847458,0.737634409,-9,-9,-9,0.570755321,0.353575538,-0.680573386,0.554485941,1,12,12,9
22,2014,Louisiana,0.481,0.035,0,0,0.543352601,0.691699605,-9,-9,0.445944937,-9,0.359435297,-0.721171579,0.578412465,1,12,12,10
22,2015,Louisiana,0.456,0.032,0,0,0.510948905,0.68034188,-9,-9,-9,0.535450907,0.361784624,-0.736142538,0.63090739,1,12,12,11
22,2016,Louisiana,0.523,0.028,0,0,0.576687117,0.673151751,-9,-9,0.471968372,0.659391448,0.365110403,-0.74955713,0.59296949,1,12,12,12
23,1980,Maine,0.47,0.038,0,0,-9,0.594594595,-9,0.52406103,-9,-9,0.425958855,-0.267529881,-9,0,0,0,0
23,1981,Maine,0.493,0.047,0,0,0.348837209,0.657894737,-9,-9,-9,-9,0.414902395,-0.253876707,-9,0,1,0,0
23,1982,Maine,0.453,0.047,0,0,-9,0.584745763,-9,-9,-9,-9,0.42023792,-0.198928352,-9,0,2,0,0
23,1983,Maine,0.454,0.038,0,0,0.256410256,0.616666667,-9,0.466421598,-9,-9,0.427177702,-0.195243736,-9,0,3,0,0
23,1984,Maine,0.498,0.047,0,0,0.351351351,0.651515152,-9,-9,-9,-9,0.400235321,0.065861845,-9,0,4,0,0
23,1985,Maine,0.484,0.038,0,0,0.324324324,0.6640625,-9,0.472908564,-9,-9,0.42021882,0.108191896,-9,0,5,0,0
23,1986,Maine,0.496,0.038,0,0,-9,0.62745098,-9,0.541947511,-9,-9,0.430333432,0.155330219,-9,0,6,0,0
23,1987,Maine,0.482,0.047,0,0,-9,0.645833333,-9,-9,-9,-9,0.413629338,0.269001295,-9,0,7,0,0
23,1988,Maine,0.562,0.038,0,0,-9,0.692857143,-9,0.626617056,-9,-9,0.415536248,0.383636019,-9,0,7.91,0.09,0
23,1989,Maine,0.549,0.038,0,0,0.323529412,0.676470588,-9,0.620895812,-9,-9,0.421213292,0.527270941,-9,0,8.73,0.27,0
23,1990,Maine,0.539,0.038,0,0,0.5,0.666666667,-9,0.550024325,-9,-9,0.412113948,0.596517074,-9,0,9.45,0.55,0
23,1991,Maine,0.555,0.038,0,0,0.428571429,0.677852349,-9,0.61049967,-9,-9,0.405110411,0.625256015,-9,0,10.09,0.91,0
23,1992,Maine,0.539,0.047,0,0,0.476190476,0.691176471,-9,-9,-9,-9,0.380378022,0.401038684,-9,0,10.64,1.36,0
23,1993,Maine,0.504,0.038,0,0,0.454545455,0.574324324,-9,0.603543074,-9,-9,0.384015853,-0.007081931,-9,0,11.09,1.91,0
23,1994,Maine,0.476,0.047,0,0,0.393939394,0.622222222,-9,-9,-9,-9,0.378285936,0.041205944,-9,0,11.45,2.55,0
23,1995,Maine,0.455,0.047,0,0,0.375,0.613138686,-9,-9,-9,-9,0.378595525,-0.274927254,-9,0,11.73,3.27,0
23,1996,Maine,0.478,0.047,0,0,0.384615385,0.675862069,-9,-9,-9,-9,0.376246531,-0.400387864,-9,0,11.91,4.09,0
23,1997,Maine,0.453,0.033,0,0,0.481481481,0.627272727,-9,-9,-9,0.461687403,0.368079151,-0.201114923,-9,0,12,5,0
23,1998,Maine,0.421,0.047,0,0,0.371428571,0.577639752,-9,-9,-9,-9,0.35831533,-0.199355122,-9,0,12,6,0
23,1999,Maine,0.441,0.036,0,0,0.263157895,0.591240876,-9,0.498868144,-9,-9,0.362151971,0.733606801,0.048532848,0,12,7,0
23,2000,Maine,0.466,0.029,0,0,0.45,0.664179104,-9,0.50533695,-9,0.485021052,0.362777017,0.087398936,0.106558437,0,12,7.91,0.09
23,2001,Maine,0.403,0.021,0,0,0.333333333,0.5859375,0.398282442,-9,-9,-9,0.361921329,0.220458576,0.251560207,0,12,8.73,0.27
23,2002,Maine,0.41,0.021,0,0,0.242424242,0.533834586,0.414889428,-9,-9,-9,0.40337074,0.295530314,0.357365957,0,12,9.45,0.55
23,2003,Maine,0.421,0.032,0,0,0.310344828,0.574074074,-9,-9,-9,0.453414015,0.40841496,0.233033637,0.361654998,0,12,10.09,0.91
23,2004,Maine,0.411,0.018,0,0,0.294117647,0.635036496,0.402072144,-9,0.341851711,0.47525202,0.400639785,0.104960902,0.374577289,0,12,10.64,1.36
23,2005,Maine,0.425,0.044,0,0,0.2,0.648275862,-9,-9,-9,-9,0.406509951,0.336281282,0.223653677,0,12,11.09,1.91
23,2006,Maine,0.431,0.035,0,0,0.28125,0.619047619,-9,-9,0.407338981,-9,0.400847119,0.487510115,0.224515949,0,12,11.45,2.55
23,2007,Maine,0.457,0.032,0,0,0.228571429,0.525641026,-9,-9,-9,0.564970887,0.395901888,0.491781615,0.175531363,0,12,11.73,3.27
23,2008,Maine,0.462,0.035,0,0,0.342857143,0.623287671,-9,-9,0.46061941,-9,0.419130485,0.49197807,0.137578448,0,12,11.91,4.09
23,2009,Maine,0.441,0.032,0,0,0.333333333,0.593548387,-9,-9,-9,0.483024092,0.41927531,0.505982969,0.23184106,0,12,12,5
23,2010,Maine,0.46,0.028,0,0,0.171428571,0.589403974,-9,-9,0.463686983,0.506876238,0.419175691,0.457976042,0.431319232,0,12,12,6
23,2011,Maine,0.47,0.032,0,0,0.32,0.524324324,-9,-9,-9,0.56652819,0.410848571,0.423569646,0.410211271,0,12,12,7
23,2012,Maine,0.46,0.029,0,0,0.3,0.591715976,-9,0.52393823,-9,0.502375174,0.410933069,0.429184337,0.424191001,0,12,12,8
23,2013,Maine,0.496,0.032,0,0,0.307692308,0.626943005,-9,-9,-9,0.640072883,0.403532675,0.455488208,0.441279445,1,12,12,9
23,2014,Maine,0.423,0.044,0,0,0.260869565,0.597701149,-9,-9,-9,-9,0.400490043,0.457013761,0.382981034,1,12,12,10
23,2015,Maine,0.413,0.032,0,0,0.265306122,0.61827957,-9,-9,-9,0.488383346,0.406261381,0.350455846,0.430837355,1,12,12,11
23,2016,Maine,0.477,0.032,0,0,0.185185185,0.593023256,-9,-9,-9,0.620005443,0.410557932,0.590588766,0.681913432,1,12,12,12
24,1980,Maryland,0.37,0.031,0,0,0.377358491,0.640804598,-9,0.340205641,0.30181762,-9,0.283997946,-1.001898794,-9,0,0,0,0
24,1981,Maryland,0.452,0.047,0,0,0.415730337,0.649425287,-9,-9,-9,-9,0.272798955,-0.90655313,-9,0,1,0,0
24,1982,Maryland,0.399,0.036,0,0,0.505617978,0.601173021,-9,-9,0.316488957,-9,0.272479605,-0.867463696,-9,0,2,0,0
24,1983,Maryland,0.363,0.038,0,0,0.339130435,0.627296588,-9,0.270254757,-9,-9,0.264666851,-0.888613014,-9,0,3,0,0
24,1984,Maryland,0.386,0.036,0,0,0.325581395,0.605194805,-9,-9,0.319603634,-9,0.280244535,-0.858844089,-9,0,4,0,0
24,1985,Maryland,0.374,0.031,0,0,0.298245614,0.592689295,-9,0.357923083,0.341556186,-9,0.277753204,-0.948738818,-9,0,5,0,0
24,1986,Maryland,0.353,0.038,0,0,0.271929825,0.56612529,-9,0.307913797,-9,-9,0.280367341,-0.901520628,-9,0,6,0,0
24,1987,Maryland,0.383,0.036,0,0,0.25,0.617021277,-9,-9,0.318533989,-9,0.281130019,-0.830917873,-9,0,7,0,0
24,1988,Maryland,0.367,0.031,0,0,0.284090909,0.608796296,-9,0.44415522,0.25352331,-9,0.282030743,-0.843937324,-9,0,7.91,0.09,0
24,1989,Maryland,0.396,0.031,0,0,0.268041237,0.626168224,-9,0.38942091,0.374328292,-9,0.206857976,-0.716558569,-9,0,8.73,0.27,0
24,1990,Maryland,0.398,0.031,0,0,0.415841584,0.672727273,-9,0.344198687,0.351613046,-9,0.205890449,-0.670849408,-9,0,9.45,0.55,0
24,1991,Maryland,0.372,0.031,0,0,0.370967742,0.640326975,-9,0.381992285,0.284557805,-9,0.208389788,-0.593512727,-9,0,10.09,0.91,0
24,1992,Maryland,0.413,0.047,0,0,0.378947368,0.592896175,-9,-9,-9,-9,0.208037579,-0.567203744,-9,0,10.64,1.36,0
24,1993,Maryland,0.353,0.031,0,0,0.283185841,0.576923077,-9,0.373437935,0.299374719,-9,0.205050137,-0.609364796,-9,0,11.09,1.91,0
24,1994,Maryland,0.376,0.036,0,0,0.359550562,0.603644647,-9,-9,0.317642894,-9,0.196354097,-0.619270049,-9,0,11.45,2.55,0
24,1995,Maryland,0.375,0.047,0,0,0.317647059,0.563679245,-9,-9,-9,-9,0.201041873,-0.672007565,-9,0,11.73,3.27,0
24,1996,Maryland,0.283,0.031,1,0,0.31372549,0.593984962,-9,0.194442758,0.242689291,-9,0.194681872,-0.781648654,-9,0,11.91,4.09,0
24,1997,Maryland,0.324,0.029,1,0,0.278350515,0.575829384,-9,0.421764086,-9,0.298810282,0.191663835,-0.799297989,-9,0,12,5,0
24,1998,Maryland,0.287,0.036,1,0,0.362637363,0.561576355,-9,-9,0.199101943,-9,0.192331831,-0.859559765,-9,0,12,6,0
24,1999,Maryland,0.298,0.036,1,0,0.273972603,0.610497238,-9,0.260718471,-9,-9,0.188121758,-0.655731106,-1.308532006,0,12,7,0
24,2000,Maryland,0.265,0.026,1,0,0.280898876,0.571428571,-9,0.373867283,0.234547092,0.240047463,0.188574073,-0.704097753,-1.22804892,0,12,7.91,0.09
24,2001,Maryland,0.249,0.021,1,0,0.224719101,0.547945205,0.238316214,-9,-9,-9,0.190550351,-0.837265758,-1.197557307,0,12,8.73,0.27
24,2002,Maryland,0.252,0.02,1,0,0.244680851,0.548302872,0.249383273,-9,0.210453596,-9,0.236550825,-0.875635303,-1.245884785,0,12,9.45,0.55
24,2003,Maryland,0.24,0.032,1,0,0.237623762,0.551282051,-9,-9,-9,0.234818852,0.219386158,-0.790821233,-1.263875927,0,12,10.09,0.91
24,2004,Maryland,0.236,0.018,1,0,0.268041237,0.555831266,0.238226809,-9,0.228982247,0.215781708,0.234267965,-0.728231319,-1.260225383,0,12,10.64,1.36
24,2005,Maryland,0.266,0.044,1,0,0.163043478,0.539473684,-9,-9,-9,-9,0.217492815,-0.917999595,-1.197274855,0,12,11.09,1.91
24,2006,Maryland,0.237,0.035,1,0,0.216494845,0.545226131,-9,-9,0.202264797,-9,0.158192999,-0.922213458,-1.226682391,0,12,11.45,2.55
24,2007,Maryland,0.206,0.032,1,0,0.274336283,0.498765432,-9,-9,-9,0.195252353,0.215992464,-1.072755666,-1.151797118,0,12,11.73,3.27
24,2008,Maryland,0.235,0.035,1,0,0.402173913,0.544578313,-9,-9,0.149581317,-9,0.212766088,-1.068604596,-1.079688199,0,12,11.91,4.09
24,2009,Maryland,0.218,0.032,1,0,0.308411215,0.493243243,-9,-9,-9,0.212613284,0.223700273,-1.137995221,-1.078072805,0,12,12,5
24,2010,Maryland,0.196,0.028,1,0,0.221052632,0.493857494,-9,-9,0.173166888,0.207117698,0.215825185,-1.17556542,-1.116279942,0,12,12,6
24,2011,Maryland,0.266,0.032,1,0,0.217821782,0.481400438,-9,-9,-9,0.326797836,0.216291788,-1.261217597,-1.115452483,0,12,12,7
24,2012,Maryland,0.213,0.026,1,0,0.151260504,0.547413793,-9,0.251562017,0.18798537,0.222715266,0.21416461,-1.310589534,-1.117472666,0,12,12,8
24,2013,Maryland,0.18,0.032,1,1,0.225806452,0.514606742,-9,-9,-9,0.265360831,0,-1.347434079,-0.715405117,1,12,12,9
24,2014,Maryland,0.219,0.035,1,1,0.272058824,0.510638298,-9,-9,0.18821671,-9,0.221007308,-1.355677926,-1.145903152,1,12,12,10
24,2015,Maryland,0.201,0.032,1,1,0.198275862,0.505720824,-9,-9,-9,0.286974318,0.216985248,-1.347422423,-1.328345049,1,12,12,11
24,2016,Maryland,0.167,0.028,1,1,0.208695652,0.481953291,-9,-9,0.187704536,0.238143123,0.131343064,-1.286889093,-1.347376737,1,12,12,12
25,1980,Massachusetts,0.169,0.031,0,1,0.091666667,0.311614731,-9,0.215940808,0.180711346,-9,0.17590495,-1.568372327,-9,0,0,0,0
25,1981,Massachusetts,0.217,0.047,0,1,0.140350877,0.414572864,-9,-9,-9,-9,0.181107593,-1.549445655,-9,0,1,0,0
25,1982,Massachusetts,0.18,0.036,0,1,0.096774194,0.323671498,-9,-9,0.206832614,-9,0.183326374,-1.649454945,-9,0,2,0,0
25,1983,Massachusetts,0.156,0.038,0,1,0.119266055,0.343601896,-9,0.130554653,-9,-9,0.182675714,-1.418072445,-9,0,3,0,0
25,1984,Massachusetts,0.206,0.036,0,1,0.103174603,0.351620948,-9,-9,0.23528594,-9,0.176191055,-1.399882107,-9,0,4,0,0
25,1985,Massachusetts,0.195,0.031,0,1,0.192982456,0.34375,-9,0.205069039,0.209445216,-9,0.180786078,-1.39241818,-9,0,5,0,0
25,1986,Massachusetts,0.155,0.038,0,1,0.098484848,0.334152334,-9,0.142369422,-9,-9,0.179076307,-1.419347168,-9,0,6,0,0
25,1987,Massachusetts,0.191,0.036,0,1,0.14084507,0.324942792,-9,-9,0.203613195,-9,0.174030772,-1.207441709,-9,0,7,0,0
25,1988,Massachusetts,0.17,0.031,0,1,0.140625,0.344827586,-9,0.167391277,0.166820589,-9,0.18851975,-1.165661509,-9,0,7.91,0.09,0
25,1989,Massachusetts,0.203,0.031,0,1,0.119565217,0.413533835,-9,0.172772027,0.214828119,-9,0.180814663,-1.069763786,-9,0,8.73,0.27,0
25,1990,Massachusetts,0.185,0.031,0,1,0.170731707,0.365432099,-9,0.174424902,0.184635178,-9,0.185903903,-1.140864414,-9,0,9.45,0.55,0
25,1991,Massachusetts,0.207,0.031,0,1,0.168141593,0.380319149,-9,0.217165765,0.213718515,-9,0.185693765,-1.203589392,-9,0,10.09,0.91,0
25,1992,Massachusetts,0.204,0.047,0,1,0.150943396,0.36682243,-9,-9,-9,-9,0.18507497,-1.233031429,-9,0,10.64,1.36,0
25,1993,Massachusetts,0.211,0.031,0,1,0.094827586,0.37037037,-9,0.237255954,0.240031105,-9,0.207512481,-1.461146971,-9,0,11.09,1.91,0
25,1994,Massachusetts,0.186,0.036,0,1,0.105263158,0.359296482,-9,-9,0.196310747,-9,0.206918858,-1.465318007,-9,0,11.45,2.55,0
25,1995,Massachusetts,0.181,0.047,0,1,0.157894737,0.349333333,-9,-9,-9,-9,0.20324095,-1.548962017,-9,0,11.73,3.27,0
25,1996,Massachusetts,0.155,0.031,0,1,0.086538462,0.331606218,-9,0.150026466,0.193473803,-9,0.199237897,-1.625017093,-9,0,11.91,4.09,0
25,1997,Massachusetts,0.15,0.029,0,1,0.101010101,0.335877863,-9,0.240324973,-9,0.161960595,0.20211648,-1.50189629,-9,0,12,5,0
25,1998,Massachusetts,0.158,0.036,0,1,0.14159292,0.348600509,-9,-9,0.169080838,-9,0.195986093,-1.597523252,-9,0,12,6,0
25,1999,Massachusetts,0.136,0.036,0,1,0.12745098,0.319148936,-9,0.144596737,-9,-9,0.193695168,-1.483156208,-1.645371689,0,12,7,0
25,2000,Massachusetts,0.126,0.026,0,1,0.101010101,0.329861111,-9,0.205344571,0.14128395,0.136619176,0.193748314,-1.691017174,-1.467332657,0,12,7.91,0.09
25,2001,Massachusetts,0.121,0.021,0,1,0.045454545,0.304733728,0.121652103,-9,-9,-9,0.177763346,-1.688183487,-1.444849838,0,12,8.73,0.27
25,2002,Massachusetts,0.115,0.02,0,1,0.064102564,0.262569832,0.119591883,-9,0.13032015,-9,0.184267883,-1.671750606,-1.430051549,0,12,9.45,0.55
25,2003,Massachusetts,0.129,0.032,0,1,0.126213592,0.33030303,-9,-9,-9,0.171249228,0.178607967,-1.59571114,-1.379603218,0,12,10.09,0.91
25,2004,Massachusetts,0.104,0.018,0,1,0.024390244,0.271137026,0.104968563,-9,0.135367293,0.146488578,0.184376699,-1.412139002,-1.184286874,0,12,10.64,1.36
25,2005,Massachusetts,0.103,0.044,0,1,0.1,0.275,-9,-9,-9,-9,0.178876586,-1.57874739,-1.441627731,0,12,11.09,1.91
25,2006,Massachusetts,0.116,0.035,0,1,0.100775194,0.274143302,-9,-9,0.154226901,-9,0.188630838,-1.620097665,-1.454883161,0,12,11.45,2.55
25,2007,Massachusetts,0.075,0.032,0,1,0.036036036,0.271604938,-9,-9,-9,0.114904506,0.180008849,-1.66153908,-1.453845859,0,12,11.73,3.27
25,2008,Massachusetts,0.096,0.035,0,1,0.060869565,0.281725888,-9,-9,0.118503314,-9,0.177961892,-1.712316931,-1.447924667,0,12,11.91,4.09
25,2009,Massachusetts,0.091,0.032,0,1,0.08490566,0.188679245,-9,-9,-9,0.174157344,0.177533041,-1.682162014,-1.448160841,0,12,12,5
25,2010,Massachusetts,0.122,0.028,0,1,0.078740157,0.271762208,-9,-9,0.198486945,0.154619203,0.179024494,-1.736613665,-1.408562599,0,12,12,6
25,2011,Massachusetts,0.135,0.032,0,1,0.020833333,0.256235828,-9,-9,-9,0.2365004,0.182558447,-1.755016028,-1.401929179,0,12,12,7
25,2012,Massachusetts,0.111,0.026,0,1,0.109589041,0.294759825,-9,0.139144833,0.126336045,0.154407302,0.234053102,-1.748345197,-1.41566379,0,12,12,8
25,2013,Massachusetts,0.085,0.032,0,1,0.039473684,0.252380952,-9,-9,-9,0.205799001,0.178069505,-1.754847137,-1.428387285,1,12,12,9
25,2014,Massachusetts,0.1,0.035,0,1,0.129032258,0.241525424,-9,-9,0.123381395,-9,0.187783534,-1.775180259,-1.361155514,1,12,12,10
25,2015,Massachusetts,0.088,0.032,0,1,0.071856287,0.223157895,-9,-9,-9,0.2076735,0.185203677,-1.435065335,-1.399291969,1,12,12,11
25,2016,Massachusetts,0.09,0.028,0,1,0.047945205,0.274226804,-9,-9,0.121486008,0.191845241,0.186968768,-1.660566837,-1.440060089,1,12,12,12
26,1980,Michigan,0.444,0.031,1,1,0.284,0.591635916,-9,0.449308387,0.474674753,-9,0.389263492,-0.201988663,-9,0,0,0,0
26,1981,Michigan,0.41,0.047,1,1,0.302238806,0.61662531,-9,-9,-9,-9,0.381208166,-0.358922915,-9,0,1,0,0
26,1982,Michigan,0.439,0.036,1,1,0.27027027,0.572953737,-9,-9,0.4696228,-9,0.397638428,-0.429047767,-9,0,2,0,0
26,1983,Michigan,0.425,0.038,1,1,0.29338843,0.615017878,-9,0.490105433,-9,-9,0.394963901,-0.55943902,-9,0,3,0,0
26,1984,Michigan,0.463,0.036,1,1,0.35483871,0.626589595,-9,-9,0.483901759,-9,0.372614808,-0.642988297,-9,0,4,0,0
26,1985,Michigan,0.408,0.031,1,1,0.282828283,0.594170404,-9,0.407018117,0.418655218,-9,0.381312739,-0.621322685,-9,0,5,0,0
26,1986,Michigan,0.394,0.038,1,1,0.294573643,0.612716763,-9,0.410542807,-9,-9,0.378765129,-0.635220165,-9,0,6,0,0
26,1987,Michigan,0.47,0.036,1,1,0.299145299,0.606595995,-9,-9,0.507820207,-9,0.396581956,-0.499568662,-9,0,7,0,0
26,1988,Michigan,0.45,0.031,1,1,0.316017316,0.609501738,-9,0.531664146,0.41276875,-9,0.454525511,-0.497010778,-9,0,7.91,0.09,0
26,1989,Michigan,0.494,0.031,1,1,0.308510638,0.624270712,-9,0.59420318,0.47781778,-9,0.458397447,-0.367133796,-9,0,8.73,0.27,0
26,1990,Michigan,0.508,0.031,1,1,0.325123153,0.649425287,-9,0.549151832,0.527389217,-9,0.461245077,-0.373855636,-9,0,9.45,0.55,0
26,1991,Michigan,0.49,0.031,1,1,0.28372093,0.645091694,-9,0.537486908,0.499904163,-9,0.467120683,-0.360289309,-9,0,10.09,0.91,0
26,1992,Michigan,0.427,0.047,1,1,0.280788177,0.627745665,-9,-9,-9,-9,0.467802302,-0.332912234,-9,0,10.64,1.36,0
26,1993,Michigan,0.443,0.031,1,1,0.368715084,0.633149171,-9,0.477927991,0.410387027,-9,0.470804132,-0.482485932,-9,0,11.09,1.91,0
26,1994,Michigan,0.45,0.036,1,1,0.299435028,0.63911525,-9,-9,0.447829221,-9,0.450317986,-0.464771319,-9,0,11.45,2.55,0
26,1995,Michigan,0.425,0.047,1,1,0.273255814,0.655940594,-9,-9,-9,-9,0.455537898,-0.397507969,-9,0,11.73,3.27,0
26,1996,Michigan,0.429,0.031,1,1,0.308080808,0.624454148,-9,0.463429636,0.40912019,-9,0.449989785,-0.235600347,-9,0,11.91,4.09,0
26,1997,Michigan,0.387,0.029,1,1,0.269230769,0.61352657,-9,0.399758005,-9,0.401743989,0.510577924,-0.166843002,-9,0,12,5,0
26,1998,Michigan,0.416,0.036,1,1,0.37195122,0.608695652,-9,-9,0.381942724,-9,0.488974168,-0.078122945,-9,0,12,6,0
26,1999,Michigan,0.368,0.036,1,1,0.322404372,0.610619469,-9,0.351031908,-9,-9,0.491163403,-0.202122969,-0.888712473,0,12,7,0
26,2000,Michigan,0.401,0.026,1,1,0.35828877,0.589580686,-9,0.452569118,0.33598569,0.465640948,0.473421952,-0.182090619,-0.777000055,0,12,7.91,0.09
26,2001,Michigan,0.38,0.021,1,1,0.266009852,0.575471698,0.38629928,-9,-9,-9,0.473236167,-0.229426902,-0.756033911,0,12,8.73,0.27
26,2002,Michigan,0.388,0.02,1,1,0.283653846,0.577951002,0.399110266,-9,0.346071023,-9,0.472101637,-0.065379331,-0.656069526,0,12,9.45,0.55
26,2003,Michigan,0.359,0.032,1,1,0.284313725,0.563636364,-9,-9,-9,0.396099703,0.470770294,-0.016697166,-0.638900415,0,12,10.09,0.91
26,2004,Michigan,0.384,0.018,1,1,0.30044843,0.531428571,0.390756125,-9,0.394773559,0.405794888,0.471170983,0.035404858,-0.679150874,0,12,10.64,1.36
26,2005,Michigan,0.346,0.044,1,1,0.274678112,0.56,-9,-9,-9,-9,0.4705364,0.088398303,-0.75553068,0,12,11.09,1.91
26,2006,Michigan,0.372,0.035,1,1,0.258373206,0.584946237,-9,-9,0.381263173,-9,0.461430785,-0.004437242,-0.810963771,0,12,11.45,2.55
26,2007,Michigan,0.334,0.032,1,1,0.221238938,0.561325967,-9,-9,-9,0.376207492,0.445454511,-0.02638704,-0.902735165,0,12,11.73,3.27
26,2008,Michigan,0.315,0.035,1,1,0.21719457,0.544316997,-9,-9,0.30076498,-9,0.447778298,-0.074275822,-0.983635038,0,12,11.91,4.09
26,2009,Michigan,0.354,0.032,1,1,0.253112033,0.55387931,-9,-9,-9,0.417245883,0.443891368,-0.007220858,-1.065020162,0,12,12,5
26,2010,Michigan,0.342,0.028,1,1,0.223021583,0.547208122,-9,-9,0.352200509,0.379624322,0.442960433,0.020444848,-1.102623202,0,12,12,6
26,2011,Michigan,0.325,0.032,1,1,0.242553191,0.569979716,-9,-9,-9,0.356959355,0.44690123,-0.013889901,-1.190103911,0,12,12,7
26,2012,Michigan,0.391,0.026,1,1,0.229249012,0.560515873,-9,0.564518733,0.353323249,0.42755078,0.44632095,-0.012209488,-1.254989806,0,12,12,8
26,2013,Michigan,0.36,0.032,1,1,0.253571429,0.59408867,-9,-9,-9,0.472329927,0.439276573,0.027790984,-0.949183004,1,12,12,9
26,2014,Michigan,0.347,0.035,1,1,0.284246575,0.553672316,-9,-9,0.344021359,-9,0.434425193,0.063236135,-0.99050439,1,12,12,10
26,2015,Michigan,0.358,0.032,1,1,0.254966887,0.555054152,-9,-9,-9,0.480776411,0.433061378,0.179798944,-0.951790311,1,12,12,11
26,2016,Michigan,0.389,0.028,1,1,0.295681063,0.590780809,-9,-9,0.36464852,0.518877494,0.431214054,0.184188838,-1.008194286,1,12,12,12
27,1980,Minnesota,0.527,0.031,0,0,0.188118812,0.579411765,-9,0.50760383,0.62598629,-9,0.413593731,-0.199365318,-9,0,0,0,0
27,1981,Minnesota,0.409,0.047,0,0,0.15625,0.526011561,-9,-9,-9,-9,0.476426981,-0.305893965,-9,0,1,0,0
27,1982,Minnesota,0.536,0.036,0,0,0.153846154,0.551912568,-9,-9,0.617658538,-9,0.482343685,-0.182000893,-9,0,2,0,0
27,1983,Minnesota,0.463,0.038,0,0,0.216494845,0.602305476,-9,0.512112589,-9,-9,0.46325597,-0.377472054,-9,0,3,0,0
27,1984,Minnesota,0.462,0.036,0,0,0.215686275,0.557184751,-9,-9,0.458055129,-9,0.487925395,-0.4040695,-9,0,4,0,0
27,1985,Minnesota,0.528,0.031,0,0,0.1875,0.537190083,-9,0.610488738,0.570833069,-9,0.478396415,-0.285982199,-9,0,5,0,0
27,1986,Minnesota,0.446,0.038,0,0,0.20661157,0.607142857,-9,0.452492954,-9,-9,0.47594343,-0.33731425,-9,0,6,0,0
27,1987,Minnesota,0.442,0.036,0,0,0.155737705,0.509433962,-9,-9,0.449575237,-9,0.480019512,-0.203127144,-9,0,7,0,0
27,1988,Minnesota,0.456,0.031,0,0,0.177570093,0.551181102,-9,0.59626841,0.381044993,-9,0.482378592,-0.327567003,-9,0,7.91,0.09,0
27,1989,Minnesota,0.464,0.031,0,0,0.245283019,0.589242054,-9,0.529863275,0.40779934,-9,0.468909705,-0.189775742,-9,0,8.73,0.27,0
27,1990,Minnesota,0.448,0.031,0,0,0.236842105,0.592592593,-9,0.478228755,0.410463111,-9,0.422667968,-0.155687563,-9,0,9.45,0.55,0
27,1991,Minnesota,0.463,0.031,0,0,0.213483146,0.582938389,-9,0.54502126,0.413681761,-9,0.479455353,-0.386479281,-9,0,10.09,0.91,0
27,1992,Minnesota,0.456,0.047,0,0,0.21875,0.611510791,-9,-9,-9,-9,0.487297694,-0.411063884,-9,0,10.64,1.36,0
27,1993,Minnesota,0.442,0.031,0,0,0.230769231,0.540609137,-9,0.43834049,0.456092876,-9,0.481067578,-0.487074922,-9,0,11.09,1.91,0
27,1994,Minnesota,0.444,0.036,0,0,0.204545455,0.564039409,-9,-9,0.439899599,-9,0.467808231,-0.475205195,-9,0,11.45,2.55,0
27,1995,Minnesota,0.423,0.047,0,0,0.204545455,0.583333333,-9,-9,-9,-9,0.421675193,-0.239948772,-9,0,11.73,3.27,0
27,1996,Minnesota,0.464,0.031,0,0,0.347826087,0.573934837,-9,0.491597214,0.457462497,-9,0.423341838,-0.221430487,-9,0,11.91,4.09,0
27,1997,Minnesota,0.395,0.029,0,0,0.310810811,0.587939698,-9,0.36375417,-9,0.408255854,0.464889142,-0.117078787,-9,0,12,5,0
27,1998,Minnesota,0.427,0.036,0,0,0.285714286,0.581151832,-9,-9,0.383814533,-9,0.462179809,0.049963089,-9,0,12,6,0
27,1999,Minnesota,0.411,0.036,0,0,0.166666667,0.591780822,-9,0.439253078,-9,-9,0.486445494,-0.062390945,-0.294928046,0,12,7,0
27,2000,Minnesota,0.447,0.026,0,0,0.222222222,0.5625,-9,0.516452149,0.420182717,0.483530692,0.496091476,0.042497674,-0.116009897,0,12,7.91,0.09
27,2001,Minnesota,0.405,0.021,0,0,0.255813953,0.558375635,0.404374297,-9,-9,-9,0.49602093,0.130052467,-0.157505295,0,12,8.73,0.27
27,2002,Minnesota,0.409,0.02,0,0,0.179775281,0.544117647,0.436452292,-9,0.266274525,-9,0.556662296,0.252703991,-0.078646563,0,12,9.45,0.55
27,2003,Minnesota,0.405,0.032,0,0,0.282608696,0.538271605,-9,-9,-9,0.428399228,0.522482249,0.201395981,0.099898821,0,12,10.09,0.91
27,2004,Minnesota,0.406,0.018,0,0,0.24742268,0.571428571,0.40970367,-9,0.331233176,0.439812021,0.552886887,0.187464645,0.081155153,0,12,10.64,1.36
27,2005,Minnesota,0.387,0.044,0,0,0.25,0.516930023,-9,-9,-9,-9,0.519102163,0.158193387,-0.018233537,0,12,11.09,1.91
27,2006,Minnesota,0.373,0.035,0,0,0.172727273,0.504504505,-9,-9,0.355991656,-9,0.514543486,0.123007927,-0.027197972,0,12,11.45,2.55
27,2007,Minnesota,0.403,0.032,0,0,0.203703704,0.523706897,-9,-9,-9,0.458402733,0.508624388,0.077761894,-0.079678442,0,12,11.73,3.27
27,2008,Minnesota,0.386,0.035,0,0,0.247619048,0.535641548,-9,-9,0.356835875,-9,0.52018255,0.188279607,-0.188916961,0,12,11.91,4.09
27,2009,Minnesota,0.396,0.032,0,0,0.206896552,0.549145299,-9,-9,-9,0.433461919,0.518496257,0.165343318,-0.208867973,0,12,12,5
27,2010,Minnesota,0.41,0.028,0,0,0.178571429,0.5472103,-9,-9,0.40357807,0.446053795,0.510934837,0.292892625,-0.21258769,0,12,12,6
27,2011,Minnesota,0.411,0.032,0,0,0.137681159,0.555963303,-9,-9,-9,0.464047968,0.517760003,0.238210808,-0.207940983,0,12,12,7
27,2012,Minnesota,0.382,0.026,0,0,0.216,0.532956685,-9,0.417371585,0.333077386,0.424452401,0.508599088,0.207274607,-0.221448407,0,12,12,8
27,2013,Minnesota,0.424,0.032,0,0,0.282758621,0.559099437,-9,-9,-9,0.531655044,0.529070823,0.149237444,-0.167271908,1,12,12,9
27,2014,Minnesota,0.353,0.035,0,0,0.198757764,0.525714286,-9,-9,0.293939083,-9,0.522012404,0.134814404,-0.266979819,1,12,12,10
27,2015,Minnesota,0.341,0.032,0,0,0.193939394,0.481415929,-9,-9,-9,0.419411264,0.528339075,0.059422466,-0.262960499,1,12,12,11
27,2016,Minnesota,0.391,0.028,0,0,0.195121951,0.516351119,-9,-9,0.290008491,0.55815275,0.511176787,0.001093867,-0.173622543,1,12,12,12
28,1980,Mississippi,0.59,0.038,0,0,0.8,0.834254144,-9,0.571263709,-9,-9,0.348666858,-0.993972976,-9,0,0,0,0
28,1981,Mississippi,0.605,0.047,0,0,0.814285714,0.810344828,-9,-9,-9,-9,0.348853598,-1.059925479,-9,0,1,0,0
28,1982,Mississippi,0.596,0.047,0,0,0.727272727,0.833333333,-9,-9,-9,-9,0.314199545,-1.024185643,-9,0,2,0,0
28,1983,Mississippi,0.626,0.038,0,0,0.754385965,0.826530612,-9,0.684689981,-9,-9,0.350937191,-0.913992295,-9,0,3,0,0
28,1984,Mississippi,0.628,0.036,0,0,0.745762712,0.846511628,-9,-9,0.585563165,-9,0.320410681,-0.94359145,-9,0,4,0,0
28,1985,Mississippi,0.613,0.031,0,0,0.611111111,0.831050228,-9,0.753450742,0.515938939,-9,0.320500961,-0.972772237,-9,0,5,0,0
28,1986,Mississippi,0.591,0.038,0,0,0.739726027,0.849315068,-9,0.577098027,-9,-9,0.31721156,-0.833090133,-9,0,6,0,0
28,1987,Mississippi,0.617,0.036,0,0,0.852459016,0.870535714,-9,-9,0.533618186,-9,0.318796843,-1.123286709,-9,0,7,0,0
28,1988,Mississippi,0.625,0.031,0,0,0.661538462,0.862068966,-9,0.788352465,0.503087619,-9,0.321114771,-1.143214442,-9,0,7.91,0.09,0
28,1989,Mississippi,0.617,0.031,0,0,0.701298701,0.793248945,-9,0.714439572,0.560024399,-9,0.320222103,-1.043386132,-9,0,8.73,0.27,0
28,1990,Mississippi,0.614,0.031,0,0,0.735849057,0.826271186,-9,0.63558896,0.579728586,-9,0.31779864,-1.044698819,-9,0,9.45,0.55,0
28,1991,Mississippi,0.624,0.031,0,0,0.746478873,0.866141732,-9,0.694782859,0.552783123,-9,0.318222409,-1.305228862,-9,0,10.09,0.91,0
28,1992,Mississippi,0.56,0.047,0,0,0.661971831,0.801526718,-9,-9,-9,-9,0.317614011,-1.275880236,-9,0,10.64,1.36,0
28,1993,Mississippi,0.605,0.031,0,0,0.781818182,0.816176471,-9,0.643694503,0.551195972,-9,0.323234452,-1.03526055,-9,0,11.09,1.91,0
28,1994,Mississippi,0.575,0.036,0,0,0.754716981,0.770992366,-9,-9,0.537482648,-9,0.308383122,-1.025806194,-9,0,11.45,2.55,0
28,1995,Mississippi,0.588,0.047,0,0,0.839285714,0.790874525,-9,-9,-9,-9,0.296384984,-0.670657364,-9,0,11.73,3.27,0
28,1996,Mississippi,0.59,0.031,0,0,0.746268657,0.806584362,-9,0.551401655,0.587585724,-9,0.289244652,-0.544675014,-9,0,11.91,4.09,0
28,1997,Mississippi,0.568,0.029,0,0,0.666666667,0.827956989,-9,0.614725642,-9,0.567292266,0.298013903,-0.460699538,-9,0,12,5,0
28,1998,Mississippi,0.512,0.036,0,0,0.627118644,0.755555556,-9,-9,0.434702718,-9,0.294585447,-0.101233857,-9,0,12,6,0
28,1999,Mississippi,0.57,0.036,0,0,0.641509434,0.836653386,-9,0.544336264,-9,-9,0.294181368,0.12512357,1.414526067,0,12,7,0
28,2000,Mississippi,0.536,0.026,0,0,0.490566038,0.804979253,-9,0.583212181,0.422217236,0.583974915,0.296858264,-0.227526114,1.244237259,0,12,7.91,0.09
28,2001,Mississippi,0.545,0.021,0,0,0.666666667,0.740875912,0.548800053,-9,-9,-9,0.29786866,-0.250826164,1.100296951,0,12,8.73,0.27
28,2002,Mississippi,0.541,0.02,0,0,0.672727273,0.753472222,0.549836421,-9,0.456207084,-9,0.292996475,-0.117060564,1.123642212,0,12,9.45,0.55
28,2003,Mississippi,0.541,0.032,0,0,0.653846154,0.759689922,-9,-9,-9,0.569707642,0.28606128,-0.235075666,1.110234154,0,12,10.09,0.91
28,2004,Mississippi,0.53,0.019,0,0,0.509090909,0.73559322,0.54737526,-9,-9,0.526621472,0.29145447,-0.273980286,1.055759472,0,12,10.64,1.36
28,2005,Mississippi,0.5,0.044,0,0,0.575757576,0.717171717,-9,-9,-9,-9,0.284203045,-0.235623307,1.248168644,0,12,11.09,1.91
28,2006,Mississippi,0.49,0.044,0,0,0.5,0.723320158,-9,-9,-9,-9,0.284187871,-0.276090664,1.247389175,0,12,11.45,2.55
28,2007,Mississippi,0.522,0.032,0,0,0.671428571,0.711656442,-9,-9,-9,0.557667654,0.279464912,-0.138256714,1.114197168,0,12,11.73,3.27
28,2008,Mississippi,0.497,0.044,0,0,0.602941176,0.718475073,-9,-9,-9,-9,0.285308988,-0.039489397,0.882686271,0,12,11.91,4.09
28,2009,Mississippi,0.478,0.032,0,0,0.507246377,0.75,-9,-9,-9,0.490551948,0.290622904,-0.192891236,0.662577774,0,12,12,5
28,2010,Mississippi,0.48,0.032,0,0,0.6,0.675324675,-9,-9,-9,0.506318431,0.305593989,-0.170182681,0.71391268,0,12,12,6
28,2011,Mississippi,0.498,0.032,0,0,0.64556962,0.7,-9,-9,-9,0.537739768,0.266686883,-0.417270445,0.631076935,0,12,12,7
28,2012,Mississippi,0.568,0.026,0,0,0.682352941,0.732307692,-9,0.725661738,0.513963096,0.593427843,0.260356622,-0.544269996,0.5443896,0,12,12,8
28,2013,Mississippi,0.502,0.032,0,0,0.626506024,0.744262295,-9,-9,-9,0.603472835,0.25610754,-0.616091893,0.496791627,1,12,12,9
28,2014,Mississippi,0.488,0.035,0,0,0.49382716,0.705685619,-9,-9,0.475677378,-9,0.289573533,-0.601220963,0.621270124,1,12,12,10
28,2015,Mississippi,0.474,0.032,0,0,0.543478261,0.713864307,-9,-9,-9,0.542032968,0.348449996,-0.523397219,0.862843069,1,12,12,11
28,2016,Mississippi,0.541,0.028,0,0,0.594936709,0.726973684,-9,-9,0.449596891,0.689553417,0.337964941,-0.532068359,0.906146791,1,12,12,12
29,1980,Missouri,0.569,0.031,0,0,0.433823529,0.723830735,-9,0.543976561,0.580448467,-9,0.419826356,-0.140720113,-9,0,0,0,0
29,1981,Missouri,0.501,0.047,1,1,0.397058824,0.741721854,-9,-9,-9,-9,0.417254209,-0.073046255,-9,0,1,0,0
29,1982,Missouri,0.514,0.036,1,1,0.357664234,0.668161435,-9,-9,0.528891416,-9,0.414155081,0.06147478,-9,0,2,0,0
29,1983,Missouri,0.484,0.038,1,1,0.367088608,0.677480916,-9,0.542610137,-9,-9,0.418325759,-0.049523233,-9,0,3,0,0
29,1984,Missouri,0.516,0.036,1,1,0.407894737,0.680311891,-9,-9,0.5074027,-9,0.452843794,0.032522977,-9,0,4,0,0
29,1985,Missouri,0.512,0.031,1,1,0.407142857,0.674199623,-9,0.493513561,0.54025695,-9,0.422513203,0.02781304,-9,0,5,0,0
29,1986,Missouri,0.481,0.038,1,1,0.345323741,0.683304647,-9,0.525837577,-9,-9,0.423113286,0.02693747,-9,0,6,0,0
29,1987,Missouri,0.523,0.036,1,1,0.425675676,0.690515807,-9,-9,0.514665519,-9,0.435149324,0.034169284,-9,0,7,0,0
29,1988,Missouri,0.525,0.031,1,1,0.416666667,0.706099815,-9,0.647989242,0.446330793,-9,0.447948987,0.047621543,-9,0,7.91,0.09,0
29,1989,Missouri,0.55,0.031,1,1,0.401459854,0.670454545,-9,0.64477834,0.536183252,-9,0.451764202,0.126652081,-9,0,8.73,0.27,0
29,1990,Missouri,0.582,0.031,1,1,0.508333333,0.719387755,-9,0.628840899,0.584708689,-9,0.451334329,0.070440424,-9,0,9.45,0.55,0
29,1991,Missouri,0.536,0.031,1,1,0.328125,0.728668942,-9,0.605859767,0.511712679,-9,0.444312217,0.032651604,-9,0,10.09,0.91,0
29,1992,Missouri,0.478,0.047,1,1,0.388888889,0.683397683,-9,-9,-9,-9,0.443168868,0.064223293,-9,0,10.64,1.36,0
29,1993,Missouri,0.492,0.031,1,1,0.377192982,0.70609319,-9,0.522219071,0.458701584,-9,0.441226905,0.037632659,-9,0,11.09,1.91,0
29,1994,Missouri,0.52,0.036,1,1,0.482758621,0.727124183,-9,-9,0.48918683,-9,0.434142415,0.059977046,-9,0,11.45,2.55,0
29,1995,Missouri,0.468,0.047,1,1,0.475409836,0.659432387,-9,-9,-9,-9,0.436120381,0.012067084,-9,0,11.73,3.27,0
29,1996,Missouri,0.485,0.031,1,1,0.340740741,0.7136,-9,0.510295513,0.464709029,-9,0.439047109,0.048950097,-9,0,11.91,4.09,0
29,1997,Missouri,0.459,0.029,1,1,0.418032787,0.681972789,-9,0.500390088,-9,0.471352932,0.447474796,0.09939825,-9,0,12,5,0
29,1998,Missouri,0.474,0.036,1,1,0.38,0.669708029,-9,-9,0.462148327,-9,0.439360757,0.251508571,-9,0,12,6,0
29,1999,Missouri,0.426,0.036,1,1,0.352941176,0.670212766,-9,0.437983292,-9,-9,0.439256267,-0.286095124,0.044680692,0,12,7,0
29,2000,Missouri,0.461,0.026,1,1,0.398496241,0.673144876,-9,0.518997959,0.402189773,0.505803184,0.435808479,0.091083678,0.051576956,0,12,7.91,0.09
29,2001,Missouri,0.446,0.021,1,1,0.361538462,0.638655462,0.453618207,-9,-9,-9,0.439540655,0.179347787,0.074294674,0,12,8.73,0.27
29,2002,Missouri,0.477,0.02,1,1,0.4,0.652249135,0.492864627,-9,0.426030522,-9,0.445303579,0.236770833,0.157602381,0,12,9.45,0.55
29,2003,Missouri,0.433,0.032,1,1,0.391608392,0.662313433,-9,-9,-9,0.457308906,0.453776319,0.166872288,0.173775473,0,12,10.09,0.91
29,2004,Missouri,0.451,0.018,1,1,0.352941176,0.596085409,0.450483516,-9,0.481716097,0.485036148,0.442469997,0.209118531,0.176444313,0,12,10.64,1.36
29,2005,Missouri,0.417,0.044,1,1,0.347826087,0.643463497,-9,-9,-9,-9,0.450595286,0.262136094,0.163121561,0,12,11.09,1.91
29,2006,Missouri,0.445,0.035,1,1,0.319526627,0.619047619,-9,-9,0.449809748,-9,0.536032172,0.259278985,0.10379796,0,12,11.45,2.55
29,2007,Missouri,0.449,0.032,0,0,0.363636364,0.609642302,-9,-9,-9,0.469239032,0.531210435,0.328454315,0.30469712,0,12,11.73,3.27
29,2008,Missouri,0.487,0.035,0,0,0.319277108,0.600326264,-9,-9,0.489980671,-9,0.529093557,0.40492517,0.601703984,0,12,11.91,4.09
29,2009,Missouri,0.47,0.032,0,0,0.318435754,0.607929515,-9,-9,-9,0.50055386,0.527361168,0.472597484,0.752031107,0,12,12,5
29,2010,Missouri,0.463,0.028,0,0,0.300653595,0.630156472,-9,-9,0.437584387,0.468678916,0.524665784,0.72485331,0.649643034,0,12,12,6
29,2011,Missouri,0.434,0.032,0,0,0.346534653,0.606019152,-9,-9,-9,0.422682905,0.528290209,0.704019597,0.655549708,0,12,12,7
29,2012,Missouri,0.511,0.026,0,0,0.347150259,0.664355062,-9,0.575659633,0.448140146,0.536118096,0.532493597,0.759524312,0.738838805,0,12,12,8
29,2013,Missouri,0.486,0.032,0,0,0.366492147,0.631989597,-9,-9,-9,0.570839499,0.529760514,0.694553454,0.790391579,1,12,12,9
29,2014,Missouri,0.497,0.035,0,0,0.375,0.627906977,-9,-9,0.458155859,-9,0.53221971,0.686891329,0.865453037,1,12,12,10
29,2015,Missouri,0.488,0.032,0,0,0.314655172,0.648780488,-9,-9,-9,0.569786217,0.53795742,0.646483343,0.905709569,1,12,12,11
29,2016,Missouri,0.528,0.028,0,0,0.377777778,0.634994206,-9,-9,0.463926827,0.648585024,0.536197292,0.680884463,1.045620143,1,12,12,12
30,1980,Montana,0.782,0.036,0,0,0.565217391,0.769230769,-9,-9,0.729886358,-9,0.923785103,2.01717329,-9,0,0,0,0
30,1981,Montana,0.695,0.047,0,0,0.434782609,0.707964602,-9,-9,-9,-9,0.920507696,1.886568946,-9,0,1,0,0
30,1982,Montana,0.656,0.036,0,0,-9,0.737864078,-9,-9,0.530869206,-9,0.974616389,1.75982505,-9,0,2,0,0
30,1983,Montana,0.759,0.047,0,0,-9,0.745762712,-9,-9,-9,-9,1.138083636,1.958893479,-9,0,3,0,0
30,1984,Montana,0.778,0.047,0,0,0.5,0.797979798,-9,-9,-9,-9,1.035560082,2.042899943,-9,0,4,0,0
30,1985,Montana,0.717,0.047,0,0,-9,0.693548387,-9,-9,-9,-9,0.992357659,2.227177239,-9,0,5,0,0
30,1986,Montana,0.693,0.038,0,0,0.555555556,0.686666667,-9,0.648507146,-9,-9,0.993818934,2.239544062,-9,0,6,0,0
30,1987,Montana,0.737,0.047,0,0,0.517241379,0.705426357,-9,-9,-9,-9,0.998176429,2.245275445,-9,0,7,0,0
30,1988,Montana,0.669,0.038,0,0,-9,0.677165354,-9,0.755312496,-9,-9,0.767664464,2.19637109,-9,0,7.91,0.09,0
30,1989,Montana,0.665,0.038,0,0,0.481481481,0.664179104,-9,0.711282085,-9,-9,0.760037986,1.970466232,-9,0,8.73,0.27,0
30,1990,Montana,0.668,0.038,0,0,0.5,0.706766917,-9,0.671909276,-9,-9,0.754992414,2.137155878,-9,0,9.45,0.55,0
30,1991,Montana,0.673,0.038,0,0,0.375,0.736434109,-9,0.69440729,-9,-9,0.761305127,2.199710055,-9,0,10.09,0.91,0
30,1992,Montana,0.638,0.047,0,0,0.4,0.658536585,-9,-9,-9,-9,0.762541709,2.08163633,-9,0,10.64,1.36,0
30,1993,Montana,0.7,0.038,0,0,0.433333333,0.752,-9,0.696762972,-9,-9,0.9210861,2.074895673,-9,0,11.09,1.91,0
30,1994,Montana,0.689,0.036,0,0,0.5,0.779411765,-9,-9,0.558806409,-9,0.908623922,2.095529524,-9,0,11.45,2.55,0
30,1995,Montana,0.684,0.047,0,0,0.451612903,0.7,-9,-9,-9,-9,0.905851713,2.070483098,-9,0,11.73,3.27,0
30,1996,Montana,0.654,0.031,0,0,0.47826087,0.748344371,-9,0.579264654,0.578701357,-9,0.894564295,2.399865922,-9,0,11.91,4.09,0
30,1997,Montana,0.621,0.033,0,0,0.361111111,0.727891156,-9,-9,-9,0.591415594,0.860367162,2.128996519,-9,0,12,5,0
30,1998,Montana,0.657,0.036,0,0,0.333333333,0.702290076,-9,-9,0.617781155,-9,0.812539086,2.047912348,-9,0,12,6,0
30,1999,Montana,0.581,0.036,0,0,0.206896552,0.676691729,-9,0.549030122,-9,-9,0.820245422,1.07274726,2.268473937,0,12,7,0
30,2000,Montana,0.646,0.026,0,0,0.260869565,0.748148148,-9,0.586696785,0.570901964,0.685480695,0.819780372,2.239558697,2.323488657,0,12,7.91,0.09
30,2001,Montana,0.623,0.021,0,0,0.592592593,0.790540541,0.592589806,-9,-9,-9,0.818781159,2.210643796,2.358905325,0,12,8.73,0.27
30,2002,Montana,0.626,0.02,0,0,0.382352941,0.68,0.635249688,-9,0.446257477,-9,0.948108306,2.216833017,2.679636304,0,12,9.45,0.55
30,2003,Montana,0.632,0.032,0,0,0.424242424,0.721088435,-9,-9,-9,0.566093685,0.965125382,2.341265161,2.822310135,0,12,10.09,0.91
30,2004,Montana,0.62,0.019,0,0,0.454545455,0.633802817,0.615808639,-9,-9,0.597761594,0.938712267,2.427317465,2.822472528,0,12,10.64,1.36
30,2005,Montana,0.694,0.044,0,0,0.405405405,0.710059172,-9,-9,-9,-9,0.954559082,2.500551567,2.690803961,0,12,11.09,1.91
30,2006,Montana,0.614,0.044,0,0,0.2,0.591463415,-9,-9,-9,-9,0.955521981,2.728939768,2.537884945,0,12,11.45,2.55
30,2007,Montana,0.639,0.032,0,0,0.375,0.673076923,-9,-9,-9,0.618059057,0.951866113,2.445136456,2.653296906,0,12,11.73,3.27
30,2008,Montana,0.69,0.044,0,0,0.488372093,0.69375,-9,-9,-9,-9,0.956858352,2.57303317,2.382433924,0,12,11.91,4.09
30,2009,Montana,0.625,0.032,0,0,0.30952381,0.694915254,-9,-9,-9,0.597441652,0.953172044,2.434243877,2.430162701,0,12,12,5
30,2010,Montana,0.621,0.032,0,0,0.375,0.687150838,-9,-9,-9,0.581423376,0.948900342,2.4969548,2.435559051,0,12,12,6
30,2011,Montana,0.603,0.032,0,0,0.454545455,0.717514124,-9,-9,-9,0.523532296,0.959378879,2.512360914,2.296140585,0,12,12,7
30,2012,Montana,0.658,0.029,0,0,0.413043478,0.71657754,-9,0.66755343,-9,0.646781813,0.961170727,2.413448175,2.178558311,0,12,12,8
30,2013,Montana,0.633,0.032,0,0,0.459016393,0.653846154,-9,-9,-9,0.690808908,0.924736841,2.401683878,1.974214999,1,12,12,9
30,2014,Montana,0.64,0.044,0,0,0.333333333,0.664974619,-9,-9,-9,-9,0.902049297,2.380160779,2.038273354,1,12,12,10
30,2015,Montana,0.608,0.032,0,0,0.461538462,0.695652174,-9,-9,-9,0.625792194,0.897365215,2.529983185,1.928472643,1,12,12,11
30,2016,Montana,0.65,0.032,0,0,0.404255319,0.65,-9,-9,-9,0.734846304,0.90278916,2.492851491,1.849385639,1,12,12,12
31,1980,Nebraska,0.545,0.038,0,0,0.357142857,0.692307692,-9,0.602824279,-9,-9,0.449162456,0.128861764,-9,0,0,0,0
31,1981,Nebraska,0.507,0.047,0,0,0.333333333,0.658536585,-9,-9,-9,-9,0.459016331,0.004348826,-9,0,1,0,0
31,1982,Nebraska,0.496,0.047,0,0,0.358974359,0.616,-9,-9,-9,-9,0.461784669,0.148364747,-9,0,2,0,0
31,1983,Nebraska,0.539,0.038,0,0,0.5,0.714285714,-9,0.517932222,-9,-9,0.450326385,0.169464,-9,0,3,0,0
31,1984,Nebraska,0.503,0.047,0,0,-9,0.64084507,-9,-9,-9,-9,0.451994249,-0.002930664,-9,0,4,0,0
31,1985,Nebraska,0.517,0.038,0,0,-9,0.633986928,-9,0.586849538,-9,-9,0.434224472,0.147936976,-9,0,5,0,0
31,1986,Nebraska,0.509,0.038,0,0,0.260869565,0.612021858,-9,0.580157118,-9,-9,0.441149426,0.473024417,-9,0,6,0,0
31,1987,Nebraska,0.504,0.047,0,0,0.35483871,0.626582278,-9,-9,-9,-9,0.446670538,0.286027566,-9,0,7,0,0
31,1988,Nebraska,0.534,0.038,0,0,0.315789474,0.5703125,-9,0.679665961,-9,-9,0.458088083,0.208610507,-9,0,7.91,0.09,0
31,1989,Nebraska,0.546,0.038,0,0,0.342105263,0.625,-9,0.661590515,-9,-9,0.444702627,0.196023268,-9,0,8.73,0.27,0
31,1990,Nebraska,0.523,0.038,0,0,0.238095238,0.640449438,-9,0.611768711,-9,-9,0.474517692,0.091271786,-9,0,9.45,0.55,0
31,1991,Nebraska,0.526,0.038,0,1,0.294117647,0.700636943,-9,0.628525315,-9,-9,0.453139402,0.23765754,-9,0,10.09,0.91,0
31,1992,Nebraska,0.471,0.047,0,1,0.369565217,0.647887324,-9,-9,-9,-9,0.450695942,0.253745088,-9,0,10.64,1.36,0
31,1993,Nebraska,0.465,0.038,0,1,0.346153846,0.662068966,-9,0.489234767,-9,-9,0.443402729,0.166499129,-9,0,11.09,1.91,0
31,1994,Nebraska,0.419,0.047,0,1,0.08,0.656441718,-9,-9,-9,-9,0.443129463,0.210396105,-9,0,11.45,2.55,0
31,1995,Nebraska,0.451,0.047,0,1,0.25,0.670967742,-9,-9,-9,-9,0.455079362,0.157765924,-9,0,11.73,3.27,0
31,1996,Nebraska,0.504,0.038,0,1,0.4,0.647798742,-9,0.615475087,-9,-9,0.455687648,0.131081744,-9,0,11.91,4.09,0
31,1997,Nebraska,0.438,0.029,0,1,0.275,0.647058824,-9,0.434333527,-9,0.478710423,0.451430927,0.327763417,-9,0,12,5,0
31,1998,Nebraska,0.42,0.047,0,1,0.28125,0.622093023,-9,-9,-9,-9,0.454030268,0.252126413,-9,0,12,6,0
31,1999,Nebraska,0.455,0.036,0,1,0.565217391,0.616883117,-9,0.498012237,-9,-9,0.455591514,0.793109533,-0.89264469,0,12,7,0
31,2000,Nebraska,0.486,0.029,0,1,0.411764706,0.635220126,-9,0.557136505,-9,0.552979665,0.459436728,0.246142344,-0.813388282,0,12,7.91,0.09
31,2001,Nebraska,0.4,0.021,0,1,0.384615385,0.602484472,0.399054969,-9,-9,-9,0.458152524,0.625469376,-0.853062414,0,12,8.73,0.27
31,2002,Nebraska,0.419,0.021,0,1,0.294117647,0.568862275,0.434109427,-9,-9,-9,0.442693888,0.616038986,-0.883995999,0,12,9.45,0.55
31,2003,Nebraska,0.391,0.032,0,1,0.2,0.569536424,-9,-9,-9,0.459749692,0.445810446,0.509731373,-0.859336122,0,12,10.09,0.91
31,2004,Nebraska,0.466,0.019,0,1,0.264705882,0.590909091,0.493785852,-9,-9,0.495794523,0.440018817,0.41941392,-0.824631848,0,12,10.64,1.36
31,2005,Nebraska,0.371,0.044,0,1,0.268292683,0.609589041,-9,-9,-9,-9,0.442908989,0.368577998,-0.871674715,0,12,11.09,1.91
31,2006,Nebraska,0.351,0.044,0,1,0.272727273,0.568047337,-9,-9,-9,-9,0.442233245,0.329074387,-0.901400448,0,12,11.45,2.55
31,2007,Nebraska,0.426,0.032,0,1,0.261904762,0.561151079,-9,-9,-9,0.533507731,0.440145899,0.324338147,-0.905982419,0,12,11.73,3.27
31,2008,Nebraska,0.34,0.044,0,1,0.178571429,0.570552147,-9,-9,-9,-9,0.462876892,0.344286577,-0.976331198,0,12,11.91,4.09
31,2009,Nebraska,0.415,0.032,0,1,0.290322581,0.604316547,-9,-9,-9,0.488849361,0.460790412,0.434206855,-1.086533699,0,12,12,5
31,2010,Nebraska,0.425,0.032,0,1,0.263157895,0.619354839,-9,-9,-9,0.505415646,0.463492944,0.312591023,-1.050570258,0,12,12,6
31,2011,Nebraska,0.418,0.032,0,1,0.285714286,0.655629139,-9,-9,-9,0.471878478,0.455145476,0.442419423,-1.089473742,0,12,12,7
31,2012,Nebraska,0.416,0.026,0,1,0.093023256,0.587301587,-9,0.518971219,0.401096857,0.480378643,0.455469883,0.396867095,-1.21493856,0,12,12,8
31,2013,Nebraska,0.405,0.032,0,1,0.244444444,0.571428571,-9,-9,-9,0.563703387,0.447798979,0.365766915,-1.347022518,1,12,12,9
31,2014,Nebraska,0.365,0.035,0,1,0.183673469,0.613861386,-9,-9,0.359281148,-9,0.442354013,0.338973467,-1.330853005,1,12,12,10
31,2015,Nebraska,0.362,0.032,0,1,0.191489362,0.596590909,-9,-9,-9,0.482414566,0.425618987,0.331286334,-1.391327034,1,12,12,11
31,2016,Nebraska,0.392,0.028,0,1,0.181818182,0.534653465,-9,-9,0.361210626,0.571778657,0.419125287,0.462942361,-1.558424755,1,12,12,12
32,1980,Nevada,0.561,0.038,0,0,0.540983607,0.672131148,-9,0.581572601,-9,-9,0.343733797,1.389361049,-9,0,0,0,0
32,1981,Nevada,0.592,0.047,0,0,0.510638298,0.745341615,-9,-9,-9,-9,0.341404513,1.280577587,-9,0,1,0,0
32,1982,Nevada,0.627,0.047,0,0,0.566666667,0.788659794,-9,-9,-9,-9,0.356213869,1.311573547,-9,0,2,0,0
32,1983,Nevada,0.617,0.038,0,0,0.541666667,0.717791411,-9,0.710815248,-9,-9,0.316570154,1.303909994,-9,0,3,0,0
32,1984,Nevada,0.571,0.047,0,0,0.603448276,0.7,-9,-9,-9,-9,0.314576524,0.92607813,-9,0,4,0,0
32,1985,Nevada,0.51,0.038,0,0,0.527777778,0.718390805,-9,0.422288095,-9,-9,0.329407762,0.965270831,-9,0,5,0,0
32,1986,Nevada,0.582,0.038,0,0,0.48,0.715846995,-9,0.648266634,-9,-9,0.32948314,0.854899748,-9,0,6,0,0
32,1987,Nevada,0.557,0.047,0,0,0.476923077,0.706467662,-9,-9,-9,-9,0.332002396,0.866556424,-9,0,7,0,0
32,1988,Nevada,0.617,0.038,0,0,0.6,0.674107143,-9,0.74338031,-9,-9,0.349323834,0.806475168,-9,0,7.91,0.09,0
32,1989,Nevada,0.62,0.038,0,0,0.465116279,0.682242991,-9,0.795004217,-9,-9,0.306850667,0.927470434,-9,0,8.73,0.27,0
32,1990,Nevada,0.607,0.038,0,0,0.566037736,0.751037344,-9,0.667609585,-9,-9,0.288932632,1.105076105,-9,0,9.45,0.55,0
32,1991,Nevada,0.597,0.038,0,0,0.5,0.738955823,-9,0.673052528,-9,-9,0.269511031,1.203719412,-9,0,10.09,0.91,0
32,1992,Nevada,0.582,0.047,0,0,0.590163934,0.735074627,-9,-9,-9,-9,0.257144439,1.306420206,-9,0,10.64,1.36,0
32,1993,Nevada,0.557,0.038,0,0,0.516666667,0.72243346,-9,0.599771652,-9,-9,0.183278903,1.38999994,-9,0,11.09,1.91,0
32,1994,Nevada,0.539,0.047,0,0,0.506849315,0.705223881,-9,-9,-9,-9,0.226080058,1.208158532,-9,0,11.45,2.55,0
32,1995,Nevada,0.541,0.047,0,0,0.597222222,0.687306502,-9,-9,-9,-9,0.232570696,1.178307525,-9,0,11.73,3.27,0
32,1996,Nevada,0.519,0.047,0,0,0.49122807,0.697841727,-9,-9,-9,-9,0.224217031,1.034910055,-9,0,11.91,4.09,0
32,1997,Nevada,0.52,0.033,0,0,0.62962963,0.66969697,-9,-9,-9,0.544995377,0.21642165,0.796678382,-9,0,12,5,0
32,1998,Nevada,0.474,0.047,0,0,0.425287356,0.658064516,-9,-9,-9,-9,0.221137963,0.901564903,-9,0,12,6,0
32,1999,Nevada,0.433,0.036,0,0,0.386666667,0.699088146,-9,0.447589527,-9,-9,0.215099337,0.03016529,-0.20231393,0,12,7,0
32,2000,Nevada,0.471,0.029,0,0,0.434782609,0.637462236,-9,0.448839791,-9,0.57583036,0.214945958,0.369602069,-0.423060321,0,12,7.91,0.09
32,2001,Nevada,0.369,0.021,0,0,0.404761905,0.610561056,0.36300164,-9,-9,-9,0.205459513,0.151939571,-0.489264136,0,12,8.73,0.27
32,2002,Nevada,0.386,0.021,0,0,0.355555556,0.63963964,0.386739928,-9,-9,-9,0.19506439,0.056037662,-0.568213324,0,12,9.45,0.55
32,2003,Nevada,0.36,0.032,0,0,0.388235294,0.613180516,-9,-9,-9,0.377492819,0.183724211,0.213118946,-0.569634087,0,12,10.09,0.91
32,2004,Nevada,0.392,0.019,0,0,0.387755102,0.616959064,0.390067702,-9,-9,0.446334622,0.187759679,0.27200705,-0.529258399,0,12,10.64,1.36
32,2005,Nevada,0.36,0.044,0,0,0.297029703,0.612137203,-9,-9,-9,-9,0.176665636,0.284653181,-0.433864216,0,12,11.09,1.91
32,2006,Nevada,0.351,0.044,0,0,0.305555556,0.587301587,-9,-9,-9,-9,0.194238151,0.287614533,-0.51265153,0,12,11.45,2.55
32,2007,Nevada,0.397,0.032,0,0,0.411764706,0.617886179,-9,-9,-9,0.44650103,0.20001261,0.307176613,-0.584598649,0,12,11.73,3.27
32,2008,Nevada,0.371,0.044,0,0,0.318181818,0.612440191,-9,-9,-9,-9,0.210029532,0.338624348,-0.328613003,0,12,11.91,4.09
32,2009,Nevada,0.391,0.032,0,0,0.333333333,0.659793814,-9,-9,-9,0.417472382,0.208812022,0.273737097,-0.237103584,0,12,12,5
32,2010,Nevada,0.372,0.032,0,0,0.290322581,0.598108747,-9,-9,-9,0.417115623,0.200392091,0.132227506,-0.279811572,0,12,12,6
32,2011,Nevada,0.318,0.032,0,0,0.333333333,0.58778626,-9,-9,-9,0.308443177,0.197623029,0.201225969,-0.267210405,0,12,12,7
32,2012,Nevada,0.377,0.026,0,0,0.35971223,0.581818182,-9,0.441930215,0.392597853,0.375184462,0.198168912,0.209836786,-0.354942144,0,12,12,8
32,2013,Nevada,0.351,0.032,0,0,0.333333333,0.602409639,-9,-9,-9,0.438083684,0.194766036,0.281952927,-0.529698435,1,12,12,9
32,2014,Nevada,0.344,0.035,0,0,0.403225806,0.576837416,-9,-9,0.304467212,-9,0.187686751,0.258276667,-0.669735781,1,12,12,10
32,2015,Nevada,0.328,0.032,0,0,0.367346939,0.581508516,-9,-9,-9,0.400815285,0.202738498,0.166582876,-0.712498778,1,12,12,11
32,2016,Nevada,0.329,0.028,0,0,0.312883436,0.58110883,-9,-9,0.307189202,0.412131716,0.203245618,0.173193786,-0.695857934,1,12,12,12
33,1980,New Hampshire,0.408,0.038,0,0,-9,0.564102564,-9,0.444220062,-9,-9,0.311000121,-0.302711823,-9,0,0,0,0
33,1981,New Hampshire,0.455,0.047,0,0,0.444444444,0.59,-9,-9,-9,-9,0.325407394,-0.368343841,-9,0,1,0,0
33,1982,New Hampshire,0.461,0.047,0,0,-9,0.633333333,-9,-9,-9,-9,0.315997819,-0.469554974,-9,0,2,0,0
33,1983,New Hampshire,0.437,0.047,0,0,-9,0.622222222,-9,-9,-9,-9,0.32939182,-0.537910826,-9,0,3,0,0
33,1984,New Hampshire,0.495,0.036,0,0,-9,0.571428571,-9,-9,0.541258559,-9,0.347245925,-0.285603126,-9,0,4,0,0
33,1985,New Hampshire,0.422,0.036,0,0,0.37037037,0.564814815,-9,-9,0.364519841,-9,0.323001796,0.056269885,-9,0,5,0,0
33,1986,New Hampshire,0.445,0.038,0,0,-9,0.626086957,-9,0.421833784,-9,-9,0.333204053,0.13491686,-9,0,6,0,0
33,1987,New Hampshire,0.423,0.036,0,0,-9,0.607476636,-9,-9,0.369001781,-9,0.321024463,0.372591407,-9,0,7,0,0
33,1988,New Hampshire,0.47,0.031,0,0,-9,0.715517241,-9,0.517082074,0.358351055,-9,0.339112595,0.402467069,-9,0,7.91,0.09,0
33,1989,New Hampshire,0.467,0.031,0,0,0.307692308,0.61,-9,0.491992922,0.42407381,-9,0.34244192,0.5066446,-9,0,8.73,0.27,0
33,1990,New Hampshire,0.464,0.031,0,0,0.259259259,0.655737705,-9,0.459522654,0.415141361,-9,0.338154619,0.680342495,-9,0,9.45,0.55,0
33,1991,New Hampshire,0.47,0.031,0,0,0.269230769,0.586538462,-9,0.519884266,0.429290388,-9,0.330264088,0.808229385,-9,0,10.09,0.91,0
33,1992,New Hampshire,0.483,0.047,0,0,0.272727273,0.643478261,-9,-9,-9,-9,0.325774992,0.758236829,-9,0,10.64,1.36,0
33,1993,New Hampshire,0.476,0.038,0,0,0.432432432,0.61682243,-9,0.50040427,-9,-9,0.32575433,0.250956716,-9,0,11.09,1.91,0
33,1994,New Hampshire,0.442,0.047,0,0,0.285714286,0.596330275,-9,-9,-9,-9,0.32758059,0.245385934,-9,0,11.45,2.55,0
33,1995,New Hampshire,0.452,0.047,0,0,0.35,0.641025641,-9,-9,-9,-9,0.329018931,-0.36563993,-9,0,11.73,3.27,0
33,1996,New Hampshire,0.441,0.038,0,0,0.53125,0.628571429,-9,0.403745478,-9,-9,0.344813942,-0.283214171,-9,0,11.91,4.09,0
33,1997,New Hampshire,0.387,0.033,0,0,0.323529412,0.578431373,-9,-9,-9,0.396828918,0.336938,-0.386185813,-9,0,12,5,0
33,1998,New Hampshire,0.423,0.047,0,0,0.314285714,0.613445378,-9,-9,-9,-9,0.341875226,-0.291686004,-9,0,12,6,0
33,1999,New Hampshire,0.374,0.036,0,0,0.185185185,0.536363636,-9,0.392408032,-9,-9,0.436156717,-0.192143787,-0.272096868,0,12,7,0
33,2000,New Hampshire,0.391,0.029,0,0,0.185185185,0.596153846,-9,0.417968628,-9,0.410506947,0.414655465,-0.170041161,-0.062665049,0,12,7.91,0.09
33,2001,New Hampshire,0.31,0.021,0,0,0.228571429,0.537878788,0.289490032,-9,-9,-9,0.403731331,-0.155701097,-0.027659549,0,12,8.73,0.27
33,2002,New Hampshire,0.317,0.021,0,0,0.217391304,0.559633028,0.298246023,-9,-9,-9,0.391188789,-0.133412473,-0.045674085,0,12,9.45,0.55
33,2003,New Hampshire,0.33,0.032,0,0,0.161290323,0.551181102,-9,-9,-9,0.331792814,0.383965319,-0.098925399,-0.068370198,0,12,10.09,0.91
33,2004,New Hampshire,0.315,0.019,0,0,0.137931034,0.509615385,0.299884142,-9,-9,0.381411899,0.387987039,-0.296849319,-0.127731225,0,12,10.64,1.36
33,2005,New Hampshire,0.364,0.044,0,0,0.24137931,0.541353383,-9,-9,-9,-9,0.381197637,0.012856908,-0.144094525,0,12,11.09,1.91
33,2006,New Hampshire,0.364,0.044,0,0,0.15,0.567567568,-9,-9,-9,-9,0.377970828,0.117563033,-0.092473104,0,12,11.45,2.55
33,2007,New Hampshire,0.364,0.032,0,0,0.171428571,0.528455285,-9,-9,-9,0.411415087,0.374786676,0.082389096,-0.066569706,0,12,11.73,3.27
33,2008,New Hampshire,0.368,0.044,0,0,0.325,0.517985612,-9,-9,-9,-9,0.376480182,0.173970161,-0.056412711,0,12,11.91,4.09
33,2009,New Hampshire,0.383,0.032,0,0,0.375,0.52238806,-9,-9,-9,0.412660161,0.376452148,0.202681422,0.133186538,0,12,12,5
33,2010,New Hampshire,0.394,0.032,0,0,0.325,0.570512821,-9,-9,-9,0.418732249,0.378266673,0.221504949,0.149229996,0,12,12,6
33,2011,New Hampshire,0.385,0.032,0,0,0.205128205,0.421383648,-9,-9,-9,0.476109654,0.375193077,0.35800325,0.175929462,0,12,12,7
33,2012,New Hampshire,0.394,0.029,0,0,0.325581395,0.528301887,-9,0.406531097,-9,0.425178023,0.375931874,0.517304313,0.524440897,0,12,12,8
33,2013,New Hampshire,0.406,0.032,0,0,0.136363636,0.531914894,-9,-9,-9,0.5286917,0.367563199,0.638482897,0.630696877,1,12,12,9
33,2014,New Hampshire,0.381,0.044,0,0,0.125,0.539267016,-9,-9,-9,-9,0.362885972,0.687983266,0.519881376,1,12,12,10
33,2015,New Hampshire,0.372,0.032,0,0,0.258064516,0.548192771,-9,-9,-9,0.443132147,0.370048412,0.423565637,0.547442092,1,12,12,11
33,2016,New Hampshire,0.463,0.032,0,0,0.245901639,0.590163934,-9,-9,-9,0.580019093,0.375266086,0.714007503,0.996926886,1,12,12,12
34,1980,New Jersey,0.201,0.031,0,1,0.103092784,0.411111111,-9,0.165233774,0.231239296,-9,0.179688139,-1.30184536,-9,0,0,0,0
34,1981,New Jersey,0.225,0.047,0,1,0.1796875,0.405472637,-9,-9,-9,-9,0.177349288,-1.349237282,-9,0,1,0,0
34,1982,New Jersey,0.32,0.036,0,1,0.163398693,0.430588235,-9,-9,0.412075347,-9,0.178112572,-1.478632498,-9,0,2,0,0
34,1983,New Jersey,0.2,0.038,0,1,0.13740458,0.397228637,-9,0.19542416,-9,-9,0.178050977,-1.223223141,-9,0,3,0,0
34,1984,New Jersey,0.187,0.036,0,1,0.123376623,0.427966102,-9,-9,0.144990567,-9,0.187194131,-1.351756584,-9,0,4,0,0
34,1985,New Jersey,0.173,0.031,0,1,0.177419355,0.407563025,-9,0.149615948,0.14768872,-9,0.195556541,-1.35600775,-9,0,5,0,0
34,1986,New Jersey,0.181,0.038,0,1,0.189189189,0.414893617,-9,0.10631454,-9,-9,0.195141226,-1.33484582,-9,0,6,0,0
34,1987,New Jersey,0.228,0.036,0,1,0.168067227,0.402805611,-9,-9,0.227453188,-9,0.19286708,-1.276669811,-9,0,7,0,0
34,1988,New Jersey,0.168,0.031,0,1,0.102803738,0.410550459,-9,0.134868474,0.154949603,-9,0.194129877,-1.294973858,-9,0,7.91,0.09,0
34,1989,New Jersey,0.214,0.031,0,1,0.196969697,0.457665904,-9,0.156592447,0.214375183,-9,0.194811894,-1.181517397,-9,0,8.73,0.27,0
34,1990,New Jersey,0.193,0.031,0,1,0.213592233,0.396551724,-9,0.166593265,0.18740641,-9,0.195034771,-1.228101198,-9,0,9.45,0.55,0
34,1991,New Jersey,0.21,0.031,0,1,0.207920792,0.383495146,-9,0.194298241,0.225500665,-9,0.198514583,-1.305908421,-9,0,10.09,0.91,0
34,1992,New Jersey,0.213,0.047,0,1,0.20212766,0.374701671,-9,-9,-9,-9,0.197372186,-1.398975494,-9,0,10.64,1.36,0
34,1993,New Jersey,0.176,0.031,0,1,0.152542373,0.429545455,-9,0.171541037,0.146546918,-9,0.198232194,-1.470659105,-9,0,11.09,1.91,0
34,1994,New Jersey,0.167,0.036,0,1,0.094827586,0.380952381,-9,-9,0.150907307,-9,0.196651229,-1.486082399,-9,0,11.45,2.55,0
34,1995,New Jersey,0.195,0.047,0,1,0.142857143,0.386266094,-9,-9,-9,-9,0.194705343,-1.514091321,-9,0,11.73,3.27,0
34,1996,New Jersey,0.122,0.031,0,1,0.174242424,0.323788546,-9,0.089905422,0.133026978,-9,0.194853162,-1.668843402,-9,0,11.91,4.09,0
34,1997,New Jersey,0.133,0.029,0,1,0.138461538,0.375,-9,0.20647998,-9,0.126661646,0.191526924,-1.790541621,-9,0,12,5,0
34,1998,New Jersey,0.167,0.036,0,1,0.171171171,0.414893617,-9,-9,0.154083924,-9,0.190483494,-1.893376663,-9,0,12,6,0
34,1999,New Jersey,0.144,0.036,0,1,0.179487179,0.390134529,-9,0.095308083,-9,-9,0.18083748,-1.52064407,-1.591555078,0,12,7,0
34,2000,New Jersey,0.108,0.026,0,1,0.155172414,0.306306306,-9,0.161715303,0.097415767,0.143114488,0.166984768,-1.710916084,-1.468508102,0,12,7.91,0.09
34,2001,New Jersey,0.122,0.021,0,1,0.120300752,0.331868132,0.11669447,-9,-9,-9,0.169831539,-1.656746791,-1.461003417,0,12,8.73,0.27
34,2002,New Jersey,0.117,0.02,0,1,0.072072072,0.380090498,0.107239969,-9,0.137126487,-9,0.181752255,-1.700396287,-1.482733102,0,12,9.45,0.55
34,2003,New Jersey,0.112,0.032,0,1,0.128205128,0.356687898,-9,-9,-9,0.132222211,0.176157466,-1.658481817,-1.509359433,0,12,10.09,0.91
34,2004,New Jersey,0.108,0.018,0,1,0.07826087,0.365145228,0.114084688,-9,0.126087303,0.113284785,0.180888038,-1.56922988,-1.554817398,0,12,10.64,1.36
34,2005,New Jersey,0.106,0.044,0,1,0.078947368,0.300947867,-9,-9,-9,-9,0.175641879,-1.653480764,-1.553614216,0,12,11.09,1.91
34,2006,New Jersey,0.118,0.035,0,1,0.069565217,0.35106383,-9,-9,0.128606252,-9,0.176157308,-1.667555766,-1.552860225,0,12,11.45,2.55
34,2007,New Jersey,0.063,0.032,0,1,0.088709677,0.326271186,-9,-9,-9,0.066897042,0.17603268,-1.756276861,-1.555920644,0,12,11.73,3.27
34,2008,New Jersey,0.088,0.035,0,1,0.11965812,0.323293173,-9,-9,0.076028006,-9,0.1772088,-1.840063974,-1.547803518,0,12,11.91,4.09
34,2009,New Jersey,0.098,0.032,0,1,0.139240506,0.338912134,-9,-9,-9,0.122503138,0.176757776,-1.843219572,-1.538206898,0,12,12,5
34,2010,New Jersey,0.085,0.028,0,1,0.10738255,0.3,-9,-9,0.129712411,0.101437011,0.185965946,-1.905831042,-1.544610577,0,12,12,6
34,2011,New Jersey,0.102,0.032,0,1,0.092715232,0.310408922,-9,-9,-9,0.145064754,0.185502878,-1.895529289,-1.553543468,0,12,12,7
34,2012,New Jersey,0.07,0.026,0,1,0.081632653,0.276119403,-9,0.118515922,0.09257,0.094564791,0.185570324,-1.937022554,-1.569765437,0,12,12,8
34,2013,New Jersey,0.056,0.032,0,1,0.101796407,0.3,-9,-9,-9,0.127231275,0.180400825,-1.940371448,-1.514029197,1,12,12,9
34,2014,New Jersey,0.097,0.035,0,1,0.096938776,0.296610169,-9,-9,0.105265354,-9,0.173338658,-1.933046215,-1.521103622,1,12,12,10
34,2015,New Jersey,0.081,0.032,0,1,0.081218274,0.29222973,-9,-9,-9,0.180114841,0.175341812,-1.826296147,-1.595680535,1,12,12,11
34,2016,New Jersey,0.089,0.028,0,1,0.063694268,0.313207547,-9,-9,0.117171402,0.182806756,0.178784759,-1.75654603,-1.627720109,1,12,12,12
35,1980,New Mexico,0.553,0.038,0,0,0.568181818,0.743169399,-9,0.568454489,-9,-9,0.328351858,-0.015918027,-9,0,0,0,0
35,1981,New Mexico,0.53,0.047,0,0,0.480769231,0.705882353,-9,-9,-9,-9,0.327734049,0.069653374,-9,0,1,0,0
35,1982,New Mexico,0.562,0.047,0,0,0.559322034,0.739336493,-9,-9,-9,-9,0.326661918,0.16939697,-9,0,2,0,0
35,1983,New Mexico,0.524,0.038,0,0,0.404255319,0.746268657,-9,0.527192444,-9,-9,0.319490125,0.101896175,-9,0,3,0,0
35,1984,New Mexico,0.519,0.047,0,0,0.47826087,0.692307692,-9,-9,-9,-9,0.308055436,0.043400239,-9,0,4,0,0
35,1985,New Mexico,0.548,0.038,0,0,0.475409836,0.730569948,-9,0.591513527,-9,-9,0.312181834,0.081544638,-9,0,5,0,0
35,1986,New Mexico,0.535,0.038,0,0,0.450980392,0.699152542,-9,0.580546406,-9,-9,0.319167235,0.167713279,-9,0,6,0,0
35,1987,New Mexico,0.547,0.047,0,0,0.646153846,0.673728814,-9,-9,-9,-9,0.31408454,0.239132171,-9,0,7,0,0
35,1988,New Mexico,0.567,0.038,0,0,0.45,0.704545455,-9,0.671006082,-9,-9,0.309276781,0.172839599,-9,0,7.91,0.09,0
35,1989,New Mexico,0.555,0.038,0,0,0.421052632,0.701244813,-9,0.652626551,-9,-9,0.312038229,0.07310484,-9,0,8.73,0.27,0
35,1990,New Mexico,0.496,0.038,0,0,0.448275862,0.684444444,-9,0.599086758,-9,-9,0.301771126,-1.770108441,-9,0,9.45,0.55,0
35,1991,New Mexico,0.552,0.038,0,0,0.5,0.681222707,-9,0.652983581,-9,-9,0.295647225,-0.006156002,-9,0,10.09,0.91,0
35,1992,New Mexico,0.496,0.047,0,0,0.345454545,0.701612903,-9,-9,-9,-9,0.28865397,0.103306746,-9,0,10.64,1.36,0
35,1993,New Mexico,0.496,0.038,0,0,0.472972973,0.694835681,-9,0.494560503,-9,-9,0.294362332,0.086981429,-9,0,11.09,1.91,0
35,1994,New Mexico,0.521,0.047,0,0,0.484375,0.690376569,-9,-9,-9,-9,0.365134595,0.053806517,-9,0,11.45,2.55,0
35,1995,New Mexico,0.522,0.047,0,0,0.5,0.657142857,-9,-9,-9,-9,0.418548581,0.317434961,-9,0,11.73,3.27,0
35,1996,New Mexico,0.488,0.038,0,0,0.428571429,0.671755725,-9,0.480577543,-9,-9,0.400428775,0.245562411,-9,0,11.91,4.09,0
35,1997,New Mexico,0.437,0.029,0,0,0.327586207,0.636363636,-9,0.42609386,-9,0.476953479,0.262992754,0.322402139,-9,0,12,5,0
35,1998,New Mexico,0.469,0.047,0,0,0.5,0.598393574,-9,-9,-9,-9,0.393323432,0.150540668,-9,0,12,6,0
35,1999,New Mexico,0.446,0.036,0,0,0.357142857,0.610687023,-9,0.449428542,-9,-9,0.336501485,0.46649358,0.802238058,0,12,7,0
35,2000,New Mexico,0.438,0.029,0,0,0.292307692,0.595419847,-9,0.461462767,-9,0.476534103,0.336684009,0.171948473,0.660920056,0,12,7.91,0.09
35,2001,New Mexico,0.391,0.021,0,0,0.316455696,0.575971731,0.378386694,-9,-9,-9,0.403459698,0.258461491,0.623178127,0,12,8.73,0.27
35,2002,New Mexico,0.431,0.021,0,0,0.396825397,0.65034965,0.41742985,-9,-9,-9,0.452263428,0.144547065,0.611959241,0,12,9.45,0.55
35,2003,New Mexico,0.407,0.032,0,0,0.37037037,0.660899654,-9,-9,-9,0.378907712,0.388955928,0.257503857,0.536869154,0,12,10.09,0.91
35,2004,New Mexico,0.391,0.018,0,0,0.323076923,0.60137457,0.388218787,-9,0.309483743,0.426921058,0.44646562,0.254093381,0.52260619,0,12,10.64,1.36
35,2005,New Mexico,0.406,0.044,0,0,0.28358209,0.578181818,-9,-9,-9,-9,0.383411002,0.219264377,0.449322118,0,12,11.09,1.91
35,2006,New Mexico,0.392,0.035,0,0,0.28358209,0.610526316,-9,-9,0.329796571,-9,0.383937036,0.274639957,0.446021342,0,12,11.45,2.55
35,2007,New Mexico,0.428,0.032,0,0,0.293333333,0.512269939,-9,-9,-9,0.504179365,0.373311438,0.311399787,0.504054174,0,12,11.73,3.27
35,2008,New Mexico,0.357,0.035,0,0,0.240384615,0.53968254,-9,-9,0.319717318,-9,0.304106045,0.296087721,0.50064706,0,12,11.91,4.09
35,2009,New Mexico,0.375,0.032,0,0,0.25,0.585616438,-9,-9,-9,0.394539484,0.297500242,0.218969076,0.39916694,0,12,12,5
35,2010,New Mexico,0.375,0.028,0,0,0.196078431,0.591639871,-9,-9,0.308116497,0.42243941,0.33760117,0.280498616,0.402413982,0,12,12,6
35,2011,New Mexico,0.366,0.032,0,0,0.304761905,0.6,-9,-9,-9,0.358326303,0.314912975,0.281784872,0.307461461,0,12,12,7
35,2012,New Mexico,0.403,0.026,0,0,0.230769231,0.609467456,-9,0.507792121,0.370271281,0.402759529,0.31660648,0.250491196,0.28427712,0,12,12,8
35,2013,New Mexico,0.482,0.032,0,0,0.296296296,0.588235294,-9,-9,-9,0.503406175,1.116874313,0.204593057,0.320700699,1,12,12,9
35,2014,New Mexico,0.356,0.035,0,0,0.353535354,0.597142857,-9,-9,0.260985109,-9,0.303688158,0.208975043,0.393806289,1,12,12,10
35,2015,New Mexico,0.37,0.032,0,0,0.325396825,0.625668449,-9,-9,-9,0.413907533,0.323814855,0.233255226,0.369961136,1,12,12,11
35,2016,New Mexico,0.359,0.028,0,0,0.355140187,0.563186813,-9,-9,0.296181823,0.4459972,0.319267721,0.168940452,0.394066595,1,12,12,12
36,1980,New York,0.201,0.031,1,1,0.114649682,0.367109635,-9,0.221793217,0.202483038,-9,0.248588166,-1.169702236,-9,0,0,0,0
36,1981,New York,0.228,0.047,1,1,0.14047619,0.393139842,-9,-9,-9,-9,0.257171046,-1.158735224,-9,0,1,0,0
36,1982,New York,0.206,0.036,1,1,0.127586207,0.409221902,-9,-9,0.178797543,-9,0.263974628,-1.267338603,-9,0,2,0,0
36,1983,New York,0.214,0.038,1,1,0.159468439,0.443494777,-9,0.16079037,-9,-9,0.270116421,-1.191797647,-9,0,3,0,0
36,1984,New York,0.245,0.036,1,1,0.136231884,0.39059501,-9,-9,0.258023937,-9,0.266119156,-1.02656169,-9,0,4,0,0
36,1985,New York,0.241,0.031,1,1,0.153558052,0.445873526,-9,0.200559048,0.25674272,-9,0.269026554,-1.027337831,-9,0,5,0,0
36,1986,New York,0.242,0.038,1,1,0.174061433,0.457786116,-9,0.214315049,-9,-9,0.261252155,-1.016526385,-9,0,6,0,0
36,1987,New York,0.271,0.036,1,1,0.150170648,0.480083857,-9,-9,0.249407508,-9,0.268302452,-0.921509548,-9,0,7,0,0
36,1988,New York,0.258,0.031,1,1,0.166051661,0.479009688,-9,0.273599833,0.230816816,-9,0.28192086,-1.035869703,-9,0,7.91,0.09,0
36,1989,New York,0.305,0.031,1,1,0.15727003,0.448392555,-9,0.388226931,0.2996946,-9,0.284353003,-0.976030787,-9,0,8.73,0.27,0
36,1990,New York,0.266,0.031,1,1,0.139664804,0.451046025,-9,0.284144177,0.273161016,-9,0.271256728,-1.090608981,-9,0,9.45,0.55,0
36,1991,New York,0.269,0.031,1,1,0.154545455,0.416267943,-9,0.329431084,0.272322952,-9,0.27986224,-1.199591521,-9,0,10.09,0.91,0
36,1992,New York,0.256,0.047,1,1,0.147058824,0.447797716,-9,-9,-9,-9,0.281558287,-1.219527103,-9,0,10.64,1.36,0
36,1993,New York,0.262,0.031,1,1,0.210727969,0.464826358,-9,0.251524623,0.276035523,-9,0.284210181,-1.355324661,-9,0,11.09,1.91,0
36,1994,New York,0.235,0.036,1,1,0.207430341,0.446808511,-9,-9,0.208753819,-9,0.291700136,-1.350967267,-9,0,11.45,2.55,0
36,1995,New York,0.231,0.047,1,1,0.145522388,0.438294011,-9,-9,-9,-9,0.27371019,-1.488281823,-9,0,11.73,3.27,0
36,1996,New York,0.193,0.031,1,1,0.14559387,0.422138837,-9,0.203529552,0.184599799,-9,0.266203563,-1.577945427,-9,0,11.91,4.09,0
36,1997,New York,0.205,0.029,1,1,0.1,0.422365989,-9,0.256970874,-9,0.234421667,0.284374282,-1.516790859,-9,0,12,5,0
36,1998,New York,0.184,0.036,1,1,0.141732283,0.421621622,-9,-9,0.170813994,-9,0.278629056,-1.697915834,-9,0,12,6,0
36,1999,New York,0.197,0.036,1,1,0.161417323,0.422505308,-9,0.199693759,-9,-9,0.291583048,-1.461518595,-1.503977159,0,12,7,0
36,2000,New York,0.197,0.026,1,1,0.171717172,0.445396146,-9,0.232768445,0.149675148,0.258277539,0.298281893,-1.515278048,-1.397488283,0,12,7.91,0.09
36,2001,New York,0.182,0.021,1,1,0.102040816,0.424603175,0.177267201,-9,-9,-9,0.298758147,-1.409901441,-1.381204537,0,12,8.73,0.27
36,2002,New York,0.177,0.02,1,1,0.092050209,0.393326593,0.186465437,-9,0.169640638,-9,0.188423602,-1.381322853,-1.438375792,0,12,9.45,0.55
36,2003,New York,0.157,0.032,1,1,0.132780083,0.409482759,-9,-9,-9,0.179804968,0.267633771,-1.363421254,-1.446537217,0,12,10.09,0.91
36,2004,New York,0.174,0.018,1,1,0.074418605,0.396090535,0.185761964,-9,0.181308256,0.20508603,0.188257593,-1.306168038,-1.43818533,0,12,10.64,1.36
36,2005,New York,0.192,0.044,1,1,0.141552511,0.43814433,-9,-9,-9,-9,0.26793665,-1.301254745,-1.437822409,0,12,11.09,1.91
36,2006,New York,0.164,0.035,1,1,0.110671937,0.357875116,-9,-9,0.191096881,-9,0.260557256,-1.31751049,-1.358077951,0,12,11.45,2.55
36,2007,New York,0.14,0.032,1,1,0.108761329,0.38028169,-9,-9,-9,0.176018489,0.214520161,-1.378201745,-1.314292619,0,12,11.73,3.27
36,2008,New York,0.142,0.035,1,1,0.099378882,0.365225391,-9,-9,0.155566818,-9,0.21292631,-1.400236698,-1.323228381,0,12,11.91,4.09
36,2009,New York,0.152,0.032,1,1,0.093959732,0.352100089,-9,-9,-9,0.215160677,0.209743385,-1.405655162,-1.342112966,0,12,12,5
36,2010,New York,0.143,0.028,1,1,0.092063492,0.349025974,-9,-9,0.147223267,0.207987236,0.209005571,-1.513948753,-1.312280765,0,12,12,6
36,2011,New York,0.158,0.032,1,1,0.113372093,0.354642314,-9,-9,-9,0.228099905,0.186995631,-1.564370392,-1.342260701,0,12,12,7
36,2012,New York,0.154,0.026,1,1,0.089330025,0.367816092,-9,0.242788399,0.177914434,0.171402631,0.228572876,-1.610778708,-1.367150301,0,12,12,8
36,2013,New York,0.124,0.032,1,1,0.081683168,0.336710834,-9,-9,-9,0.237257904,0.226502948,-1.687166182,-1.415027736,1,12,12,9
36,2014,New York,0.126,0.035,1,1,0.082191781,0.347068146,-9,-9,0.128441158,-9,0.228914855,-1.721326397,-1.364227434,1,12,12,10
36,2015,New York,0.119,0.032,1,1,0.066059226,0.323165705,-9,-9,-9,0.232022857,0.232692241,-1.78815317,-1.408520972,1,12,12,11
36,2016,New York,0.145,0.028,1,1,0.092457421,0.356466877,-9,-9,0.162760397,0.262691659,0.227165948,-1.692359451,-1.477264259,1,12,12,12
37,1980,North Carolina,0.579,0.031,0,0,0.58490566,0.78313253,-9,0.558288946,0.588481908,-9,0.302515725,-0.845928586,-9,0,0,0,0
37,1981,North Carolina,0.547,0.047,0,0,0.510416667,0.804964539,-9,-9,-9,-9,0.29391524,-0.870127944,-9,0,1,0,0
37,1982,North Carolina,0.571,0.036,0,0,0.514450867,0.785942492,-9,-9,0.552467956,-9,0.288002593,-0.767427973,-9,0,2,0,0
37,1983,North Carolina,0.552,0.038,0,0,0.538888889,0.776408451,-9,0.600857935,-9,-9,0.289356006,-0.785209153,-9,0,3,0,0
37,1984,North Carolina,0.585,0.036,0,0,0.523809524,0.791601866,-9,-9,0.577878662,-9,0.270599045,-0.773906755,-9,0,4,0,0
37,1985,North Carolina,0.554,0.031,0,0,0.54494382,0.774834437,-9,0.556500095,0.537314727,-9,0.263267975,-0.726941406,-9,0,5,0,0
37,1986,North Carolina,0.522,0.038,0,0,0.505813953,0.75083612,-9,0.544814654,-9,-9,0.25830066,-0.551932803,-9,0,6,0,0
37,1987,North Carolina,0.573,0.036,0,0,0.512048193,0.760517799,-9,-9,0.572306353,-9,0.254758048,-0.675653007,-9,0,7,0,0
37,1988,North Carolina,0.561,0.031,0,0,0.493333333,0.783359498,-9,0.705812632,0.4611964,-9,0.248876701,-0.568428395,-9,0,7.91,0.09,0
37,1989,North Carolina,0.563,0.031,0,0,0.526627219,0.799145299,-9,0.596477948,0.516460268,-9,0.258682005,-0.508171526,-9,0,8.73,0.27,0
37,1990,North Carolina,0.541,0.031,0,0,0.5,0.750337382,-9,0.555727642,0.519837734,-9,0.254799001,-0.494882492,-9,0,9.45,0.55,0
37,1991,North Carolina,0.565,0.031,0,0,0.531073446,0.767616192,-9,0.606313197,0.536660018,-9,0.266191357,-0.566182692,-9,0,10.09,0.91,0
37,1992,North Carolina,0.529,0.047,0,0,0.530612245,0.761570827,-9,-9,-9,-9,0.255828998,-0.527858393,-9,0,10.64,1.36,0
37,1993,North Carolina,0.573,0.031,0,0,0.542253521,0.783616692,-9,0.638360086,0.526707881,-9,0.252101582,-0.334493561,-9,0,11.09,1.91,0
37,1994,North Carolina,0.54,0.036,0,0,0.617283951,0.74829932,-9,-9,0.494490693,-9,0.249690136,-0.333900905,-9,0,11.45,2.55,0
37,1995,North Carolina,0.461,0.047,0,1,0.476683938,0.723076923,-9,-9,-9,-9,0.246862935,-0.200531214,-9,0,11.73,3.27,0
37,1996,North Carolina,0.516,0.031,0,1,0.56741573,0.773972603,-9,0.513517651,0.50717925,-9,0.2470234,-0.008939511,-9,0,11.91,4.09,0
37,1997,North Carolina,0.474,0.029,0,1,0.55801105,0.710344828,-9,0.540575673,-9,0.488947568,0.240601777,-0.042634009,-9,0,12,5,0
37,1998,North Carolina,0.464,0.036,0,1,0.525714286,0.684750733,-9,-9,0.453408962,-9,0.24508934,0.029707018,-9,0,12,6,0
37,1999,North Carolina,0.417,0.036,0,1,0.508287293,0.675675676,-9,0.451796965,-9,-9,0.245561488,-0.239484956,-0.549113524,0,12,7,0
37,2000,North Carolina,0.426,0.026,0,1,0.433035714,0.701472557,-9,0.512567186,0.384920822,0.446268861,0.240479007,-0.153108736,-0.506627404,0,12,7.91,0.09
37,2001,North Carolina,0.382,0.021,0,1,0.400990099,0.693081761,0.377025745,-9,-9,-9,0.237791324,-0.170535515,-0.511319449,0,12,8.73,0.27
37,2002,North Carolina,0.397,0.02,0,1,0.461538462,0.682680152,0.410856653,-9,0.313041589,-9,0.238004711,-0.205983302,-0.562646505,0,12,9.45,0.55
37,2003,North Carolina,0.374,0.032,0,1,0.394871795,0.713157895,-9,-9,-9,0.38566607,0.236280906,-0.281916107,-0.571276178,0,12,10.09,0.91
37,2004,North Carolina,0.383,0.018,0,1,0.415584416,0.64321608,0.40784309,-9,0.326734806,0.373283237,0.23482585,-0.363859024,-0.630801816,0,12,10.64,1.36
37,2005,North Carolina,0.375,0.044,0,1,0.347107438,0.714471969,-9,-9,-9,-9,0.2324099,-0.468392317,-0.687332851,0,12,11.09,1.91
37,2006,North Carolina,0.351,0.035,0,1,0.404761905,0.653395785,-9,-9,0.326695124,-9,0.2307269,-0.447097538,-0.733145732,0,12,11.45,2.55
37,2007,North Carolina,0.36,0.032,0,1,0.375968992,0.622710623,-9,-9,-9,0.417749651,0.226118896,-0.465868288,-0.794664751,0,12,11.73,3.27
37,2008,North Carolina,0.345,0.035,0,1,0.411111111,0.625560538,-9,-9,0.332156094,-9,0.231575547,-0.412582093,-0.843648634,0,12,11.91,4.09
37,2009,North Carolina,0.341,0.032,0,1,0.420833333,0.617773019,-9,-9,-9,0.378758785,0.233807166,-0.456631431,-0.941881062,0,12,12,5
37,2010,North Carolina,0.35,0.028,0,1,0.406015038,0.65969163,-9,-9,0.326312303,0.390741173,0.18919799,-0.432952274,-0.949697709,0,12,12,6
37,2011,North Carolina,0.406,0.032,0,1,0.396428571,0.66130761,-9,-9,-9,0.500434184,0.187441798,-0.66059762,-0.955319678,0,12,12,7
37,2012,North Carolina,0.379,0.026,0,1,0.343465046,0.622779519,-9,0.522304067,0.342388987,0.421924056,0.180880613,-0.44678421,-0.991644496,0,12,12,8
37,2013,North Carolina,0.355,0.032,0,1,0.403389831,0.659251769,-9,-9,-9,0.465539339,0.181251593,-0.355705433,-1.046292659,1,12,12,9
37,2014,North Carolina,0.334,0.035,0,1,0.378746594,0.630456853,-9,-9,0.317976417,-9,0.181449421,-0.362244675,-1.007711952,1,12,12,10
37,2015,North Carolina,0.316,0.032,0,1,0.348214286,0.626168224,-9,-9,-9,0.411070547,0.179223418,-0.418920683,-1.093384758,1,12,12,11
37,2016,North Carolina,0.371,0.028,0,1,0.389972145,0.639053254,-9,-9,0.299145749,0.544534929,0.181990217,-0.36080399,-1.214437724,1,12,12,12
38,1980,North Dakota,0.53,0.047,0,0,-9,0.627118644,-9,-9,-9,-9,0.628986282,0.734403919,-9,0,0,0,0
38,1981,North Dakota,0.567,0.047,0,0,-9,0.588235294,-9,-9,-9,-9,0.626064292,0.553317737,-9,0,1,0,0
38,1982,North Dakota,0.558,0.047,0,0,-9,0.661764706,-9,-9,-9,-9,0.706472647,0.713686358,-9,0,2,0,0
38,1983,North Dakota,0.53,0.038,0,0,-9,0.631578947,-9,0.502141444,-9,-9,0.714327255,0.654778248,-9,0,3,0,0
38,1984,North Dakota,0.597,0.036,0,0,-9,0.560606061,-9,-9,0.647811417,-9,0.714009947,0.653411913,-9,0,4,0,0
38,1985,North Dakota,0.627,0.036,0,0,-9,0.684931507,-9,-9,0.618246043,-9,0.723140279,1.02887721,-9,0,5,0,0
38,1986,North Dakota,0.542,0.047,0,0,-9,0.561403509,-9,-9,-9,-9,0.74201543,0.86117832,-9,0,6,0,0
38,1987,North Dakota,0.596,0.036,0,0,-9,0.652173913,-9,-9,0.554621607,-9,0.77769204,0.816538749,-9,0,7,0,0
38,1988,North Dakota,0.598,0.031,0,0,-9,0.642857143,-9,0.680883558,0.513239471,-9,0.778207822,0.75222381,-9,0,7.91,0.09,0
38,1989,North Dakota,0.565,0.031,0,0,0.285714286,0.634920635,-9,0.628150848,0.486753537,-9,0.741738368,0.642090799,-9,0,8.73,0.27,0
38,1990,North Dakota,0.553,0.031,0,0,0.142857143,0.606060606,-9,0.602486015,0.513550648,-9,0.758762698,0.618631083,-9,0,9.45,0.55,0
38,1991,North Dakota,0.518,0.031,0,0,0.0625,0.620689655,-9,0.61540476,0.429189255,-9,0.767857212,0.360307132,-9,0,10.09,0.91,0
38,1992,North Dakota,0.574,0.047,0,0,0.181818182,0.685185185,-9,-9,-9,-9,0.795023278,0.523298664,-9,0,10.64,1.36,0
38,1993,North Dakota,0.594,0.031,0,0,0.411764706,0.693548387,-9,0.594737537,0.528337126,-9,0.813181776,0.459925001,-9,0,11.09,1.91,0
38,1994,North Dakota,0.522,0.036,0,0,0,0.623376623,-9,-9,0.502682215,-9,0.745531158,0.508019841,-9,0,11.45,2.55,0
38,1995,North Dakota,0.598,0.047,0,0,0.461538462,0.679012346,-9,-9,-9,-9,0.736944687,0.599170359,-9,0,11.73,3.27,0
38,1996,North Dakota,0.566,0.036,0,0,0.214285714,0.666666667,-9,-9,0.52190833,-9,0.752608904,0.813016537,-9,0,11.91,4.09,0
38,1997,North Dakota,0.54,0.033,0,0,0.615384615,0.626865672,-9,-9,-9,0.499842145,0.759539021,0.982405746,-9,0,12,5,0
38,1998,North Dakota,0.512,0.036,0,0,0.166666667,0.590909091,-9,-9,0.472910266,-9,0.744673762,1.016878704,-9,0,12,6,0
38,1999,North Dakota,0.56,0.036,0,0,0.352941176,0.589285714,-9,0.545674194,-9,-9,0.740902196,3.754689916,0.497243821,0,12,7,0
38,2000,North Dakota,0.55,0.026,0,0,0.222222222,0.559322034,-9,0.598846513,0.51741746,0.593337367,0.757419442,1.026178446,0.691823462,0,12,7.91,0.09
38,2001,North Dakota,0.503,0.021,0,0,0.222222222,0.606557377,0.497766222,-9,-9,-9,0.771674885,1.190292909,0.658319889,0,12,8.73,0.27
38,2002,North Dakota,0.517,0.02,0,0,0.142857143,0.662337662,0.539406756,-9,0.344395968,-9,0.804693534,1.082103283,0.781906326,0,12,9.45,0.55
38,2003,North Dakota,0.51,0.032,0,0,0.066666667,0.606060606,-9,-9,-9,0.539818427,0.816274155,0.971927619,0.873669106,0,12,10.09,0.91
38,2004,North Dakota,0.546,0.019,0,0,0.3,0.603174603,0.553665012,-9,-9,0.55745699,0.800603537,1.009961186,0.923318935,0,12,10.64,1.36
38,2005,North Dakota,0.546,0.044,0,0,0.333333333,0.627906977,-9,-9,-9,-9,0.811667403,1.039195495,0.969271359,0,12,11.09,1.91
38,2006,North Dakota,0.484,0.044,0,0,0.235294118,0.506849315,-9,-9,-9,-9,0.822904243,1.070850282,1.017449808,0,12,11.45,2.55
38,2007,North Dakota,0.538,0.032,0,0,0.125,0.551724138,-9,-9,-9,0.597014914,0.845388548,1.140943693,1.235403652,0,12,11.73,3.27
38,2008,North Dakota,0.586,0.044,0,0,0.285714286,0.708333333,-9,-9,-9,-9,0.849003231,1.20979093,1.149579351,0,12,11.91,4.09
38,2009,North Dakota,0.537,0.032,0,0,0.25,0.602564103,-9,-9,-9,0.558776441,0.85124428,1.212056119,0.972032245,0,12,12,5
38,2010,North Dakota,0.543,0.032,0,0,0.235294118,0.584269663,-9,-9,-9,0.575169469,0.857521356,1.269681919,1.074665797,0,12,12,6
38,2011,North Dakota,0.541,0.032,0,0,0.3,0.523255814,-9,-9,-9,0.578879481,0.842612535,1.209826255,1.4492763,0,12,12,7
38,2012,North Dakota,0.561,0.029,0,0,0.388888889,0.643678161,-9,0.564610826,-9,0.568746829,0.827938277,1.058749505,1.533180729,0,12,12,8
38,2013,North Dakota,0.567,0.032,0,0,0.2,0.666666667,-9,-9,-9,0.662695277,0.793318087,1.118847277,1.35942007,1,12,12,9
38,2014,North Dakota,0.57,0.044,0,0,0.291666667,0.690265487,-9,-9,-9,-9,0.765868024,1.105816098,1.177701837,1,12,12,10
38,2015,North Dakota,0.504,0.032,0,0,0.416666667,0.66,-9,-9,-9,0.534076593,0.722502644,1.237898483,0.908441737,1,12,12,11
38,2016,North Dakota,0.533,0.032,0,0,0.333333333,0.584070796,-9,-9,-9,0.640037169,0.724354447,1.210103567,0.653152686,1,12,12,12
39,1980,Ohio,0.458,0.031,0,0,0.34516129,0.606339468,-9,0.447903268,0.469028314,-9,0.253809824,-0.102746952,-9,0,0,0,0
39,1981,Ohio,0.444,0.047,0,0,0.333333333,0.62601626,-9,-9,-9,-9,0.260739479,-0.258324129,-9,0,1,0,0
39,1982,Ohio,0.487,0.036,0,0,0.327327327,0.604012672,-9,-9,0.5062317,-9,0.262148216,-0.14788685,-9,0,2,0,0
39,1983,Ohio,0.421,0.038,0,0,0.352112676,0.617256637,-9,0.404066076,-9,-9,0.275414956,-0.297773206,-9,0,3,0,0
39,1984,Ohio,0.464,0.036,0,0,0.336805556,0.632443532,-9,-9,0.353670671,-9,0.270167224,2.220238105,-9,0,4,0,0
39,1985,Ohio,0.408,0.031,0,0,0.350877193,0.635635636,-9,0.377446657,0.368809778,-9,0.272217366,-0.475213375,-9,0,5,0,0
39,1986,Ohio,0.425,0.038,0,0,0.358306189,0.665601704,-9,0.385073094,-9,-9,0.272095894,-0.581715344,-9,0,6,0,0
39,1987,Ohio,0.472,0.036,0,0,0.360902256,0.629946524,-9,-9,0.462022096,-9,0.273584089,-0.527425425,-9,0,7,0,0
39,1988,Ohio,0.458,0.031,0,0,0.34469697,0.638947368,-9,0.476795973,0.436882956,-9,0.275941639,-0.556012374,-9,0,7.91,0.09,0
39,1989,Ohio,0.479,0.031,0,0,0.3866171,0.654244306,-9,0.50227086,0.452653222,-9,0.305921213,-0.475698008,-9,0,8.73,0.27,0
39,1990,Ohio,0.486,0.031,0,0,0.342975207,0.654334038,-9,0.488189297,0.491541853,-9,0.296373277,-0.447931979,-9,0,9.45,0.55,0
39,1991,Ohio,0.472,0.031,0,0,0.43153527,0.666666667,-9,0.488484832,0.43313108,-9,0.299541193,-0.562648332,-9,0,10.09,0.91,0
39,1992,Ohio,0.462,0.047,0,0,0.400843882,0.646812957,-9,-9,-9,-9,0.30481601,-0.547149874,-9,0,10.64,1.36,0
39,1993,Ohio,0.443,0.031,0,0,0.401826484,0.682692308,-9,0.488223616,0.354236081,-9,0.321166023,-0.58221035,-9,0,11.09,1.91,0
39,1994,Ohio,0.477,0.036,0,0,0.46875,0.661166117,-9,-9,0.437949643,-9,0.315315821,-0.55552049,-9,0,11.45,2.55,0
39,1995,Ohio,0.448,0.047,0,0,0.430769231,0.623582766,-9,-9,-9,-9,0.317498851,-0.57004596,-9,0,11.73,3.27,0
39,1996,Ohio,0.397,0.031,0,0,0.422459893,0.607843137,-9,0.360765888,0.363027882,-9,0.319206283,-0.49195693,-9,0,11.91,4.09,0
39,1997,Ohio,0.362,0.029,0,0,0.334883721,0.596048299,-9,0.350620419,-9,0.365199732,0.323500608,-0.413458629,-9,0,12,5,0
39,1998,Ohio,0.381,0.036,0,0,0.436170213,0.608695652,-9,-9,0.291653389,-9,0.332614087,-0.379834984,-9,0,12,6,0
39,1999,Ohio,0.365,0.036,0,0,0.338308458,0.619311876,-9,0.311107439,-9,-9,0.324199164,-0.291378972,-0.503385032,0,12,7,0
39,2000,Ohio,0.351,0.026,0,0,0.340314136,0.578595318,-9,0.433830346,0.325663561,0.33425432,0.305688878,-0.402724269,-0.462638359,0,12,7.91,0.09
39,2001,Ohio,0.324,0.021,0,0,0.31627907,0.60059761,0.307065789,-9,-9,-9,0.298673623,-0.364127005,-0.410863138,0,12,8.73,0.27
39,2002,Ohio,0.321,0.02,0,0,0.26848249,0.588349515,0.303768532,-9,0.313263191,-9,0.306104242,-0.194314401,-0.329239134,0,12,9.45,0.55
39,2003,Ohio,0.335,0.032,0,0,0.291005291,0.584180791,-9,-9,-9,0.334181755,0.311408715,-0.282604988,-0.34277836,0,12,10.09,0.91
39,2004,Ohio,0.328,0.018,0,0,0.307420495,0.55019305,0.300320643,-9,0.383543574,0.372372622,0.305510797,-0.283222078,-0.247638783,0,12,10.64,1.36
39,2005,Ohio,0.348,0.044,0,0,0.275,0.546775658,-9,-9,-9,-9,0.311020928,-0.185031803,-0.344046065,0,12,11.09,1.91
39,2006,Ohio,0.353,0.035,0,0,0.274647887,0.526416907,-9,-9,0.353388301,-9,0.31466451,-0.185750647,-0.361262838,0,12,11.45,2.55
39,2007,Ohio,0.324,0.032,0,0,0.267241379,0.561618062,-9,-9,-9,0.332383546,0.303792093,-0.16133139,-0.341458681,0,12,11.73,3.27
39,2008,Ohio,0.365,0.035,0,0,0.239583333,0.547153025,-9,-9,0.377463867,-9,0.305488868,-0.155972072,-0.401774925,0,12,11.91,4.09
39,2009,Ohio,0.368,0.032,0,0,0.292372881,0.554255319,-9,-9,-9,0.412566438,0.310114011,-0.101225062,-0.284933012,0,12,12,5
39,2010,Ohio,0.357,0.028,0,0,0.295918367,0.556331878,-9,-9,0.358357615,0.370650984,0.297737411,0.011472085,-0.269857162,0,12,12,6
39,2011,Ohio,0.334,0.032,0,0,0.305369128,0.544130249,-9,-9,-9,0.363715019,0.182304453,0.045695939,-0.177701715,0,12,12,7
39,2012,Ohio,0.362,0.026,0,0,0.322884013,0.556827473,-9,0.438550123,0.323793845,0.395153779,0.183374266,0.122043316,-0.06711362,0,12,12,8
39,2013,Ohio,0.359,0.032,0,0,0.312684366,0.584667228,-9,-9,-9,0.452978524,0.180739024,0.185761023,-0.019305559,1,12,12,9
39,2014,Ohio,0.366,0.035,0,0,0.289634146,0.558039553,-9,-9,0.331477919,-9,0.303519972,0.241736445,-0.019734257,1,12,12,10
39,2015,Ohio,0.388,0.032,0,0,0.327433628,0.57208238,-9,-9,-9,0.479343291,0.300455104,0.558544153,0.006899439,1,12,12,11
39,2016,Ohio,0.419,0.028,0,0,0.320547945,0.602831595,-9,-9,0.383763615,0.534044862,0.292689941,0.342121688,0.051789163,1,12,12,12
40,1980,Oklahoma,0.609,0.031,0,0,0.574257426,0.714285714,-9,0.608713625,0.599275578,-9,0.402196304,0.616834025,-9,0,0,0,0
40,1981,Oklahoma,0.58,0.047,0,0,0.559055118,0.712209302,-9,-9,-9,-9,0.408880447,0.674271023,-9,0,1,0,0
40,1982,Oklahoma,0.595,0.036,0,0,0.549019608,0.796033994,-9,-9,0.516773302,-9,0.362228215,0.746624315,-9,0,2,0,0
40,1983,Oklahoma,0.575,0.038,0,0,0.631067961,0.753753754,-9,0.530646055,-9,-9,0.364962062,1.035144942,-9,0,3,0,0
40,1984,Oklahoma,0.612,0.036,0,0,0.554347826,0.733146067,-9,-9,0.590075949,-9,0.354084782,0.669095191,-9,0,4,0,0
40,1985,Oklahoma,0.599,0.031,0,0,0.567010309,0.734908136,-9,0.538889344,0.610757163,-9,0.349025385,0.84632961,-9,0,5,0,0
40,1986,Oklahoma,0.596,0.038,0,0,0.622222222,0.734693878,-9,0.639451745,-9,-9,0.328952638,0.65607058,-9,0,6,0,0
40,1987,Oklahoma,0.649,0.036,0,0,0.628865979,0.770348837,-9,-9,0.633170069,-9,0.334761639,0.603260011,-9,0,7,0,0
40,1988,Oklahoma,0.637,0.031,0,0,0.62195122,0.780120482,-9,0.795622832,0.521888664,-9,0.335592967,0.543641241,-9,0,7.91,0.09,0
40,1989,Oklahoma,0.643,0.031,0,0,0.575,0.75,-9,0.708140965,0.626213249,-9,0.332416863,0.412801482,-9,0,8.73,0.27,0
40,1990,Oklahoma,0.655,0.031,0,0,0.589041096,0.771159875,-9,0.695089478,0.658031578,-9,0.337879063,0.247940887,-9,0,9.45,0.55,0
40,1991,Oklahoma,0.604,0.031,0,0,0.5,0.75,-9,0.688705738,0.563117814,-9,0.323865333,0.17188638,-9,0,10.09,0.91,0
40,1992,Oklahoma,0.549,0.047,0,0,0.472527473,0.748031496,-9,-9,-9,-9,0.327913142,0.166115835,-9,0,10.64,1.36,0
40,1993,Oklahoma,0.605,0.031,0,0,0.551020408,0.732824427,-9,0.692269443,0.565030074,-9,0.318082225,0.377385977,-9,0,11.09,1.91,0
40,1994,Oklahoma,0.572,0.036,0,0,0.488095238,0.738419619,-9,-9,0.549242654,-9,0.316879693,0.403796347,-9,0,11.45,2.55,0
40,1995,Oklahoma,0.52,0.047,0,0,0.53125,0.699507389,-9,-9,-9,-9,0.294954866,0.200270267,-9,0,11.73,3.27,0
40,1996,Oklahoma,0.537,0.031,0,0,0.540540541,0.738764045,-9,0.538859254,0.50084784,-9,0.288238162,0.414469193,-9,0,11.91,4.09,0
40,1997,Oklahoma,0.55,0.029,0,0,0.540816327,0.654135338,-9,0.574871111,-9,0.615011465,0.294693045,0.521659885,-9,0,12,5,0
40,1998,Oklahoma,0.498,0.036,0,0,0.522727273,0.660574413,-9,-9,0.457731042,-9,0.297837646,0.528457341,-9,0,12,6,0
40,1999,Oklahoma,0.498,0.036,0,0,0.46,0.691326531,-9,0.547831611,-9,-9,0.301669596,0.030513395,0.655416109,0,12,7,0
40,2000,Oklahoma,0.558,0.026,0,0,0.427184466,0.652284264,-9,0.611410329,0.480949415,0.675422795,0.300138174,0.171360354,0.625122811,0,12,7.91,0.09
40,2001,Oklahoma,0.48,0.021,0,0,0.43956044,0.688679245,0.480138888,-9,-9,-9,0.303068537,0.239621756,0.673263743,0,12,8.73,0.27
40,2002,Oklahoma,0.483,0.02,0,0,0.480769231,0.659949622,0.480902875,-9,0.466090352,-9,0.309514425,0.211597619,0.752796439,0,12,9.45,0.55
40,2003,Oklahoma,0.467,0.032,0,0,0.423076923,0.623115578,-9,-9,-9,0.512933805,0.298923723,0.265674279,0.84709635,0,12,10.09,0.91
40,2004,Oklahoma,0.495,0.018,0,0,0.414414414,0.673417722,0.480446839,-9,0.543804683,0.527032336,0.307923223,0.14714311,0.862239147,0,12,10.64,1.36
40,2005,Oklahoma,0.441,0.044,0,0,0.372881356,0.638613861,-9,-9,-9,-9,0.297077228,0.23799139,0.91204357,0,12,11.09,1.91
40,2006,Oklahoma,0.468,0.035,0,0,0.387387387,0.636150235,-9,-9,0.469117674,-9,0.284178287,0.282898186,0.867154983,0,12,11.45,2.55
40,2007,Oklahoma,0.497,0.032,0,0,0.416,0.647783251,-9,-9,-9,0.567673729,0.272900505,0.472118001,0.848316658,0,12,11.73,3.27
40,2008,Oklahoma,0.508,0.035,0,0,0.403669725,0.64806867,-9,-9,0.544042545,-9,0.265734963,0.49911326,0.934035761,0,12,11.91,4.09
40,2009,Oklahoma,0.508,0.032,0,0,0.504504505,0.673245614,-9,-9,-9,0.560952955,0.26556454,0.544057549,1.004813319,0,12,12,5
40,2010,Oklahoma,0.488,0.028,0,0,0.466101695,0.642,-9,-9,0.407984563,0.566877012,0.269701924,0.613829971,1.001521599,0,12,12,6
40,2011,Oklahoma,0.533,0.032,0,0,0.539007092,0.65942029,-9,-9,-9,0.602972242,0.275132925,0.612917756,1.090501862,0,12,12,7
40,2012,Oklahoma,0.563,0.026,0,0,0.514492754,0.639097744,-9,0.610869429,0.546974273,0.625388544,0.272020566,0.682210299,1.339236374,0,12,12,8
40,2013,Oklahoma,0.537,0.032,0,0,0.529850746,0.68173258,-9,-9,-9,0.663308301,0.264727985,0.612659382,1.296652099,1,12,12,9
40,2014,Oklahoma,0.493,0.035,0,0,0.451428571,0.634581105,-9,-9,0.480520994,-9,0.26579762,0.651404818,1.383566321,1,12,12,10
40,2015,Oklahoma,0.487,0.032,0,0,0.461988304,0.628432956,-9,-9,-9,0.595700298,0.274516806,0.63129963,1.245866127,1,12,12,11
40,2016,Oklahoma,0.549,0.028,0,0,0.472049689,0.667170953,-9,-9,0.514439092,0.6872821,0.273669137,0.580999283,1.191355634,1,12,12,12
41,1980,Oregon,0.577,0.031,0,0,0.428571429,0.680781759,-9,0.557587865,0.539115769,-9,0.585644625,0.954283252,-9,0,0,0,0
41,1981,Oregon,0.604,0.047,0,0,0.474747475,0.692567568,-9,-9,-9,-9,0.603501641,0.976979993,-9,0,1,0,0
41,1982,Oregon,0.582,0.036,0,0,0.534090909,0.667763158,-9,-9,0.501880411,-9,0.595939014,0.964416618,-9,0,2,0,0
41,1983,Oregon,0.541,0.038,0,0,0.325581395,0.696319018,-9,0.504407623,-9,-9,0.581722985,0.903363115,-9,0,3,0,0
41,1984,Oregon,0.6,0.036,0,0,0.475,0.651917404,-9,-9,0.56401868,-9,0.603754793,0.764808663,-9,0,4,0,0
41,1985,Oregon,0.59,0.031,0,0,0.461538462,0.657492355,-9,0.58842465,0.564538465,-9,0.598317756,0.74214655,-9,0,5,0,0
41,1986,Oregon,0.573,0.038,0,0,0.402298851,0.686813187,-9,0.582585797,-9,-9,0.604467922,0.643060894,-9,0,6,0,0
41,1987,Oregon,0.567,0.036,0,0,0.397260274,0.674626866,-9,-9,0.507191103,-9,0.589122332,0.568783564,-9,0,7,0,0
41,1988,Oregon,0.576,0.031,0,0,0.438095238,0.625344353,-9,0.714553735,0.480333632,-9,0.576223673,0.470930996,-9,0,7.91,0.09,0
41,1989,Oregon,0.604,0.031,0,0,0.415841584,0.672086721,-9,0.669365737,0.561087564,-9,0.574957649,0.535143129,-9,0,8.73,0.27,0
41,1990,Oregon,0.594,0.031,0,0,0.454545455,0.698060942,-9,0.617484848,0.539611636,-9,0.592923597,0.628378889,-9,0,9.45,0.55,0
41,1991,Oregon,0.563,0.031,0,0,0.457943925,0.653179191,-9,0.60888773,0.495550409,-9,0.5662337,0.612160742,-9,0,10.09,0.91,0
41,1992,Oregon,0.572,0.047,0,0,0.457142857,0.668407311,-9,-9,-9,-9,0.590372536,0.57508051,-9,0,10.64,1.36,0
41,1993,Oregon,0.554,0.031,0,0,0.348314607,0.656914894,-9,0.618457082,0.481424623,-9,0.586126382,0.715881028,-9,0,11.09,1.91,0
41,1994,Oregon,0.533,0.036,0,0,0.369369369,0.670822943,-9,-9,0.459421919,-9,0.568600823,0.712118141,-9,0,11.45,2.55,0
41,1995,Oregon,0.592,0.047,0,0,0.494382022,0.654411765,-9,-9,-9,-9,0.647271413,1.203744839,-9,0,11.73,3.27,0
41,1996,Oregon,0.542,0.031,0,0,0.510638298,0.647887324,-9,0.514609434,0.485562205,-9,0.623578285,1.028911044,-9,0,11.91,4.09,0
41,1997,Oregon,0.493,0.029,0,0,0.385964912,0.683333333,-9,0.47769727,-9,0.470991358,0.622904089,0.93444504,-9,0,12,5,0
41,1998,Oregon,0.518,0.036,0,0,0.429906542,0.641552511,-9,-9,0.428845818,-9,0.627857272,1.06946587,-9,0,12,6,0
41,1999,Oregon,0.515,0.036,0,0,0.4875,0.67839196,-9,0.455914044,-9,-9,0.642150448,0.567556003,0.552525996,0,12,7,0
41,2000,Oregon,0.516,0.026,0,0,0.442477876,0.663157895,-9,0.48341024,0.443261333,0.565273686,0.620979119,1.001662503,0.321129833,0,12,7.91,0.09
41,2001,Oregon,0.415,0.021,0,0,0.394230769,0.596009975,0.391923162,-9,-9,-9,0.61172784,0.89529655,0.333084052,0,12,8.73,0.27
41,2002,Oregon,0.422,0.02,0,0,0.388235294,0.595842956,0.413021218,-9,0.344836137,-9,0.618676197,0.691093342,0.380542252,0,12,9.45,0.55
41,2003,Oregon,0.427,0.032,0,0,0.330357143,0.6125,-9,-9,-9,0.401005045,0.60869804,0.546911773,0.425837837,0,12,10.09,0.91
41,2004,Oregon,0.407,0.018,0,0,0.285714286,0.624096386,0.390742331,-9,0.339021761,0.449430415,0.613800512,0.540043934,0.467085851,0,12,10.64,1.36
41,2005,Oregon,0.484,0.044,0,0,0.273504274,0.64785553,-9,-9,-9,-9,0.603127865,0.569598653,0.50925744,0,12,11.09,1.91
41,2006,Oregon,0.451,0.035,0,0,0.284671533,0.606334842,-9,-9,0.401124999,-9,0.587666622,0.582369835,0.439173048,0,12,11.45,2.55
41,2007,Oregon,0.46,0.032,0,0,0.3828125,0.596566524,-9,-9,-9,0.477123068,0.582776336,0.48983502,0.42160411,0,12,11.73,3.27
41,2008,Oregon,0.436,0.035,0,0,0.336134454,0.61589404,-9,-9,0.365132367,-9,0.576955966,0.327839355,0.362798484,0,12,11.91,4.09
41,2009,Oregon,0.456,0.032,0,0,0.312101911,0.607802875,-9,-9,-9,0.479956498,0.573929485,0.357190102,0.346526092,0,12,12,5
41,2010,Oregon,0.409,0.028,0,0,0.3,0.618691589,-9,-9,0.363700424,0.455548741,0.258976177,0.358664731,0.36129329,0,12,12,6
41,2011,Oregon,0.413,0.032,0,0,0.262773723,0.591522158,-9,-9,-9,0.404535941,0.568799735,0.485552315,0.370416094,0,12,12,7
41,2012,Oregon,0.476,0.029,0,0,0.284883721,0.576086957,-9,0.546144912,-9,0.507561902,0.560302378,0.518588231,0.399482261,0,12,12,8
41,2013,Oregon,0.456,0.032,0,0,0.345679012,0.621268657,-9,-9,-9,0.531131964,0.554413669,0.591048073,0.338027816,1,12,12,9
41,2014,Oregon,0.462,0.044,0,0,0.339285714,0.594462541,-9,-9,-9,-9,0.547914123,0.60142783,0.33240752,1,12,12,10
41,2015,Oregon,0.407,0.032,1,0,0.286486486,0.554592721,-9,-9,-9,0.476776881,0.556358299,0.535734426,0.434360206,1,12,12,11
41,2016,Oregon,0.414,0.032,1,0,0.310526316,0.609965636,-9,-9,-9,0.457074772,0.543547621,0.538412741,0.686441867,1,12,12,12
42,1980,Pennsylvania,0.437,0.031,0,0,0.259515571,0.614188533,-9,0.404656365,0.402162662,-9,0.402975293,0.328208669,-9,0,0,0,0
42,1981,Pennsylvania,0.457,0.047,0,0,0.289285714,0.574612403,-9,-9,-9,-9,0.410806283,0.22854709,-9,0,1,0,0
42,1982,Pennsylvania,0.49,0.036,0,0,0.325503356,0.598665396,-9,-9,0.462362358,-9,0.426775967,0.237019116,-9,0,2,0,0
42,1983,Pennsylvania,0.417,0.038,0,0,0.287037037,0.558823529,-9,0.379782069,-9,-9,0.419473362,0.268718404,-9,0,3,0,0
42,1984,Pennsylvania,0.463,0.036,0,0,0.305031447,0.598911071,-9,-9,0.416143555,-9,0.430834754,0.030761047,-9,0,4,0,0
42,1985,Pennsylvania,0.424,0.031,0,0,0.305194805,0.599115044,-9,0.387580412,0.383913285,-9,0.41880789,-0.021237332,-9,0,5,0,0
42,1986,Pennsylvania,0.415,0.038,0,0,0.31294964,0.588586031,-9,0.356517213,-9,-9,0.418775853,-0.059889445,-9,0,6,0,0
42,1987,Pennsylvania,0.421,0.036,0,0,0.252669039,0.589108911,-9,-9,0.351042262,-9,0.419426568,-0.054799441,-9,0,7,0,0
42,1988,Pennsylvania,0.423,0.031,0,0,0.252788104,0.570840198,-9,0.477609408,0.346807474,-9,0.421122976,-0.039962334,-9,0,7.91,0.09,0
42,1989,Pennsylvania,0.44,0.031,0,0,0.292592593,0.593564776,-9,0.427636903,0.403136531,-9,0.432542614,-0.037944679,-9,0,8.73,0.27,0
42,1990,Pennsylvania,0.45,0.031,0,0,0.339350181,0.631489362,-9,0.416819185,0.40658043,-9,0.43313219,-0.039262537,-9,0,9.45,0.55,0
42,1991,Pennsylvania,0.437,0.031,0,0,0.282142857,0.623992838,-9,0.461498062,0.352258599,-9,0.445684471,0.09389213,-9,0,10.09,0.91,0
42,1992,Pennsylvania,0.474,0.047,0,0,0.293436293,0.60619469,-9,-9,-9,-9,0.446967131,0.121448939,-9,0,10.64,1.36,0
42,1993,Pennsylvania,0.472,0.031,0,0,0.300380228,0.640557006,-9,0.523080949,0.400520977,-9,0.435111049,0.112480891,-9,0,11.09,1.91,0
42,1994,Pennsylvania,0.444,0.036,0,0,0.32300885,0.621818182,-9,-9,0.368269439,-9,0.433189369,0.146215758,-9,0,11.45,2.55,0
42,1995,Pennsylvania,0.469,0.047,1,0,0.361867704,0.613144759,-9,-9,-9,-9,0.43524631,0.083378086,-9,0,11.73,3.27,0
42,1996,Pennsylvania,0.371,0.031,1,0,0.34439834,0.583824768,-9,0.270017687,0.340006468,-9,0.432494578,0.124715715,-9,0,11.91,4.09,0
42,1997,Pennsylvania,0.372,0.029,1,0,0.376,0.601549053,-9,0.382501446,-9,0.335035341,0.449634079,0.000488511,-9,0,12,5,0
42,1998,Pennsylvania,0.412,0.036,1,0,0.32173913,0.607894737,-9,-9,0.343979383,-9,0.434364884,0.03115171,-9,0,12,6,0
42,1999,Pennsylvania,0.389,0.036,1,0,0.346491228,0.596590909,-9,0.316228557,-9,-9,0.441588969,-0.181421136,0.355741541,0,12,7,0
42,2000,Pennsylvania,0.391,0.026,1,0,0.278008299,0.61793722,-9,0.374276212,0.28036228,0.466972078,0.432091932,-0.11023321,0.28550269,0,12,7.91,0.09
42,2001,Pennsylvania,0.363,0.021,1,0,0.36,0.573739296,0.344422941,-9,-9,-9,0.443016375,-0.015798886,0.363291612,0,12,8.73,0.27
42,2002,Pennsylvania,0.381,0.02,1,0,0.365957447,0.57323689,0.381941676,-9,0.285342387,-9,0.4410294,0.059225016,0.744952707,0,12,9.45,0.55
42,2003,Pennsylvania,0.397,0.032,1,0,0.306122449,0.592694064,-9,-9,-9,0.395777538,0.463648031,0.109368167,0.492218531,0,12,10.09,0.91
42,2004,Pennsylvania,0.356,0.018,1,0,0.303571429,0.563716814,0.349114548,-9,0.335400862,0.360919539,0.439611163,0.14435651,0.38978518,0,12,10.64,1.36
42,2005,Pennsylvania,0.414,0.044,1,0,0.257352941,0.602763385,-9,-9,-9,-9,0.462243189,0.19089212,0.24353117,0,12,11.09,1.91
42,2006,Pennsylvania,0.382,0.035,1,0,0.283950617,0.576756288,-9,-9,0.325146509,-9,0.454240265,0.256622059,0.288115243,0,12,11.45,2.55
42,2007,Pennsylvania,0.346,0.032,1,0,0.209486166,0.560606061,-9,-9,-9,0.332871043,0.462552946,0.107337163,0.473456571,0,12,11.73,3.27
42,2008,Pennsylvania,0.384,0.035,1,0,0.239130435,0.557403009,-9,-9,0.355094429,-9,0.445077166,0.072013634,0.348121059,0,12,11.91,4.09
42,2009,Pennsylvania,0.371,0.032,1,0,0.289473684,0.563227308,-9,-9,-9,0.375494489,0.439295316,0.043257667,0.439513195,0,12,12,5
42,2010,Pennsylvania,0.355,0.028,1,0,0.242331288,0.5464,-9,-9,0.344755565,0.351842841,0.436817054,0.019671999,0.406891158,0,12,12,6
42,2011,Pennsylvania,0.362,0.032,1,0,0.289085546,0.557528409,-9,-9,-9,0.357389157,0.435810945,0.002677506,0.454705544,0,12,12,7
42,2012,Pennsylvania,0.38,0.026,1,0,0.278287462,0.551515152,-9,0.416533006,0.327087073,0.413479876,0.447797829,0.019788204,0.404384741,0,12,12,8
42,2013,Pennsylvania,0.368,0.032,1,0,0.320954907,0.564847626,-9,-9,-9,0.440265414,0.42692396,0.027216003,0.024295124,1,12,12,9
42,2014,Pennsylvania,0.361,0.035,1,0,0.23872679,0.560416667,-9,-9,0.306088134,-9,0.447804974,0.070944845,-0.013116152,1,12,12,10
42,2015,Pennsylvania,0.368,0.032,1,0,0.29342723,0.54972752,-9,-9,-9,0.442179198,0.445508548,0.160525893,0.022998818,1,12,12,11
42,2016,Pennsylvania,0.402,0.028,1,0,0.270022883,0.559686888,-9,-9,0.322193152,0.53924493,0.447366143,0.252925943,0.137824137,1,12,12,12
44,1980,Rhode Island,0.113,0.047,1,1,0,0.285714286,-9,-9,-9,-9,0.131270624,-1.658731541,-9,0,0,0,0
44,1981,Rhode Island,0.152,0.047,1,1,-9,0.285714286,-9,-9,-9,-9,0.132276677,-1.617997592,-9,0,1,0,0
44,1982,Rhode Island,0.146,0.047,1,1,-9,0.325,-9,-9,-9,-9,0.135807767,-1.855054394,-9,0,2,0,0
44,1983,Rhode Island,0.157,0.038,1,1,0,0.355263158,-9,0.211774581,-9,-9,0.136303723,-1.862518835,-9,0,3,0,0
44,1984,Rhode Island,0.155,0.036,1,1,-9,0.301369863,-9,-9,0.176752756,-9,0.138247233,-1.356573724,-9,0,4,0,0
44,1985,Rhode Island,0.129,0.031,1,1,-9,0.31884058,-9,0.143912123,0.13871074,-9,0.132503086,-1.471446203,-9,0,5,0,0
44,1986,Rhode Island,0.171,0.038,1,1,-9,0.375,-9,0.129337078,-9,-9,0.135757951,-1.42878956,-9,0,6,0,0
44,1987,Rhode Island,0.183,0.036,1,1,-9,0.414141414,-9,-9,0.167033188,-9,0.129837831,-1.178730238,-9,0,7,0,0
44,1988,Rhode Island,0.175,0.031,1,1,-9,0.358974359,-9,0.138868115,0.189315556,-9,0.141895131,-0.903677548,-9,0,7.91,0.09,0
44,1989,Rhode Island,0.236,0.031,1,1,0.173913043,0.441558442,-9,0.187643463,0.258988034,-9,0.142148174,-0.380314657,-9,0,8.73,0.27,0
44,1990,Rhode Island,0.188,0.031,1,1,0.090909091,0.342857143,-9,0.190042095,0.219899659,-9,0.141356126,-0.880189353,-9,0,9.45,0.55,0
44,1991,Rhode Island,0.216,0.031,1,1,0.117647059,0.415384615,-9,0.208947607,0.233684598,-9,0.152361446,-0.862801831,-9,0,10.09,0.91,0
44,1992,Rhode Island,0.246,0.047,1,1,0.285714286,0.406779661,-9,-9,-9,-9,0.171905989,-0.906786027,-9,0,10.64,1.36,0
44,1993,Rhode Island,0.192,0.038,1,1,0.230769231,0.350649351,-9,0.200814212,-9,-9,0.175944561,-1.072541391,-9,0,11.09,1.91,0
44,1994,Rhode Island,0.214,0.047,1,1,0.35,0.338709677,-9,-9,-9,-9,0.172559518,-1.065434519,-9,0,11.45,2.55,0
44,1995,Rhode Island,0.226,0.047,1,1,0.1,0.47826087,-9,-9,-9,-9,0.175007382,-1.400156926,-9,0,11.73,3.27,0
44,1996,Rhode Island,0.178,0.038,1,1,0.277777778,0.476923077,-9,0.100570412,-9,-9,0.152546009,-1.725747718,-9,0,11.91,4.09,0
44,1997,Rhode Island,0.146,0.033,1,1,0.4,0.338709677,-9,-9,-9,0.159051972,0.170341146,-1.800414459,-9,0,12,5,0
44,1998,Rhode Island,0.147,0.047,1,1,0.2,0.323943662,-9,-9,-9,-9,0.173810598,-1.614225294,-9,0,12,6,0
44,1999,Rhode Island,0.166,0.036,1,1,0.19047619,0.413333333,-9,0.127507526,-9,-9,0.175391413,-1.198207149,-1.307653668,0,12,7,0
44,2000,Rhode Island,0.153,0.029,1,1,0.142857143,0.409836066,-9,0.207339621,-9,0.162642632,0.174760625,-1.658865483,-1.235611995,0,12,7.91,0.09
44,2001,Rhode Island,0.134,0.021,1,1,0.136363636,0.333333333,0.131276466,-9,-9,-9,0.17351812,-1.642189832,-1.209713543,0,12,8.73,0.27
44,2002,Rhode Island,0.136,0.021,1,1,0.15,0.409090909,0.126451812,-9,-9,-9,0.1657043,-1.591228057,-1.270065139,0,12,9.45,0.55
44,2003,Rhode Island,0.074,0.032,1,1,0.133333333,0.144927536,-9,-9,-9,0.147640303,0.170091165,-1.464090863,-1.280870845,0,12,10.09,0.91
44,2004,Rhode Island,0.116,0.019,1,1,0.066666667,0.3,0.124708772,-9,-9,0.149469348,0.165041129,-1.59405175,-1.283565751,0,12,10.64,1.36
44,2005,Rhode Island,0.124,0.044,1,1,0.095238095,0.34,-9,-9,-9,-9,0.170363782,-1.577338595,-1.301792044,0,12,11.09,1.91
44,2006,Rhode Island,0.129,0.044,1,1,0.2,0.32,-9,-9,-9,-9,0.171104512,-1.572140429,-1.30283617,0,12,11.45,2.55
44,2007,Rhode Island,0.072,0.032,1,1,0.1,0.289473684,-9,-9,-9,0.098185521,0.1645109,-1.592018572,-1.280867691,0,12,11.73,3.27
44,2008,Rhode Island,0.092,0.044,1,1,0,0.294871795,-9,-9,-9,-9,0.173278698,-1.598076386,-1.231454216,0,12,11.91,4.09
44,2009,Rhode Island,0.145,0.032,1,1,0.045454545,0.40625,-9,-9,-9,0.192004114,0.173390245,-1.553761285,-1.19304844,0,12,12,5
44,2010,Rhode Island,0.091,0.032,1,1,0.105263158,0.254545455,-9,-9,-9,0.139520489,0.173479095,-1.485840947,-1.169138115,0,12,12,6
44,2011,Rhode Island,0.1,0.032,1,1,0.1,0.222222222,-9,-9,-9,0.203564088,0,-1.501150789,-1.162750587,0,12,12,7
44,2012,Rhode Island,0.109,0.028,1,1,0.111111111,0.294871795,-9,-9,0.140375876,0.162484843,0.084521969,-1.587676593,-1.127863961,0,12,12,8
44,2013,Rhode Island,0.09,0.032,1,1,0.133333333,0.294117647,-9,-9,-9,0.196937708,0.082388358,-1.515162346,-1.123897614,1,12,12,9
44,2014,Rhode Island,0.1,0.035,1,1,0.129032258,0.195121951,-9,-9,0.170355088,-9,0.084901688,-1.417417847,-1.192248853,1,12,12,10
44,2015,Rhode Island,0.151,0.032,1,1,0.111111111,0.37,-9,-9,-9,0.268615243,0.16719145,-1.425511871,-1.2175263,1,12,12,11
44,2016,Rhode Island,0.139,0.028,1,1,0.125,0.329787234,-9,-9,0.183796508,0.249948395,0.084038345,-1.291072016,-1.177728395,1,12,12,12
45,1980,South Carolina,0.575,0.031,0,0,0.641791045,0.74025974,-9,0.555532583,0.605255016,-9,0.293703585,-1.19237575,-9,0,0,0,0
45,1981,South Carolina,0.544,0.047,0,0,0.658227848,0.763837638,-9,-9,-9,-9,0.291568101,-1.100663917,-9,0,1,0,0
45,1982,South Carolina,0.565,0.036,0,0,0.583333333,0.761403509,-9,-9,0.54949864,-9,0.279270483,-0.995974812,-9,0,2,0,0
45,1983,South Carolina,0.546,0.038,0,0,0.608695652,0.760504202,-9,0.596983673,-9,-9,0.273188902,-1.047573295,-9,0,3,0,0
45,1984,South Carolina,0.546,0.036,0,0,0.658823529,0.744262295,-9,-9,0.512145401,-9,0.263845975,-1.098301185,-9,0,4,0,0
45,1985,South Carolina,0.588,0.031,0,0,0.688888889,0.775577558,-9,0.607642245,0.565832165,-9,0.312044286,-1.061438731,-9,0,5,0,0
45,1986,South Carolina,0.537,0.038,0,0,0.578313253,0.778145695,-9,0.56341428,-9,-9,0.261160386,-0.971292954,-9,0,6,0,0
45,1987,South Carolina,0.538,0.036,0,0,0.617283951,0.735955056,-9,-9,0.506310155,-9,0.260710229,-1.048911466,-9,0,7,0,0
45,1988,South Carolina,0.588,0.031,0,0,0.563380282,0.788321168,-9,0.757346703,0.497748813,-9,0.254255375,-1.02829734,-9,0,7.91,0.09,0
45,1989,South Carolina,0.618,0.031,0,0,0.594936709,0.8,-9,0.698545428,0.600934144,-9,0.256899585,-0.954180738,-9,0,8.73,0.27,0
45,1990,South Carolina,0.61,0.031,0,0,0.646341463,0.789772727,-9,0.640790009,0.621078567,-9,0.24654577,-1.093576229,-9,0,9.45,0.55,0
45,1991,South Carolina,0.582,0.031,0,0,0.550724638,0.752136752,-9,0.674829592,0.571665703,-9,0.247228814,-1.216905829,-9,0,10.09,0.91,0
45,1992,South Carolina,0.533,0.047,0,0,0.626666667,0.779487179,-9,-9,-9,-9,0.247760841,-1.170197427,-9,0,10.64,1.36,0
45,1993,South Carolina,0.527,0.031,0,0,0.6,0.713554987,-9,0.583518161,0.492127,-9,0.245667609,-0.94095504,-9,0,11.09,1.91,0
45,1994,South Carolina,0.541,0.036,0,0,0.646341463,0.715025907,-9,-9,0.532134061,-9,0.244816766,-0.928080415,-9,0,11.45,2.55,0
45,1995,South Carolina,0.494,0.047,0,0,0.6,0.716763006,-9,-9,-9,-9,0.238621733,-0.941604169,-9,0,11.73,3.27,0
45,1996,South Carolina,0.493,0.031,0,0,0.645454545,0.715762274,-9,0.487956908,0.461042719,-9,0.238276864,-0.716574264,-9,0,11.91,4.09,0
45,1997,South Carolina,0.521,0.029,0,0,0.595744681,0.733727811,-9,0.576121102,-9,0.54594854,0.23625778,-0.668004654,-9,0,12,5,0
45,1998,South Carolina,0.464,0.036,0,0,0.65060241,0.740437158,-9,-9,0.373584263,-9,0.232411534,-0.606894684,-9,0,12,6,0
45,1999,South Carolina,0.468,0.036,0,0,0.609756098,0.705357143,-9,0.489330321,-9,-9,0.229274884,-0.48646319,-0.052091224,0,12,7,0
45,2000,South Carolina,0.492,0.026,0,0,0.533980583,0.711764706,-9,0.570319028,0.428928796,0.544899997,0.224988862,-0.597025943,-0.15345847,0,12,7.91,0.09
45,2001,South Carolina,0.442,0.021,0,0,0.590909091,0.68907563,0.441463098,-9,-9,-9,0.224969728,-0.623306989,-0.239625234,0,12,8.73,0.27
45,2002,South Carolina,0.466,0.02,0,0,0.533333333,0.723287671,0.482322944,-9,0.385253424,-9,0.224687032,-0.593109109,-0.304546099,0,12,9.45,0.55
45,2003,South Carolina,0.456,0.032,0,0,0.575757576,0.718832891,-9,-9,-9,0.496888123,0.219787769,-0.71553821,-0.310254542,0,12,10.09,0.91
45,2004,South Carolina,0.436,0.018,0,0,0.527472527,0.716112532,0.433558784,-9,0.441429156,0.450680744,0.22191867,-0.732273445,-0.336116924,0,12,10.64,1.36
45,2005,South Carolina,0.394,0.044,0,0,0.448598131,0.660049628,-9,-9,-9,-9,0.216681355,-0.712731533,-0.266557199,0,12,11.09,1.91
45,2006,South Carolina,0.403,0.035,0,0,0.453781513,0.644444444,-9,-9,0.378914279,-9,0.304822497,-0.782366655,-0.31970863,0,12,11.45,2.55
45,2007,South Carolina,0.415,0.032,0,0,0.416666667,0.64321608,-9,-9,-9,0.461830676,0.309013447,-0.723865904,-0.345675138,0,12,11.73,3.27
45,2008,South Carolina,0.42,0.035,0,0,0.387387387,0.660792952,-9,-9,0.40997037,-9,0.321897668,-0.711858523,-0.25071815,0,12,11.91,4.09
45,2009,South Carolina,0.409,0.032,0,0,0.480916031,0.643442623,-9,-9,-9,0.435420465,0.325014336,-0.698005623,-0.247307313,0,12,12,5
45,2010,South Carolina,0.418,0.028,0,0,0.410596026,0.679012346,-9,-9,0.404703912,0.43218183,0.331792162,-0.677989767,-0.312542369,0,12,12,6
45,2011,South Carolina,0.466,0.032,0,0,0.489932886,0.693516699,-9,-9,-9,0.520013628,0.33398872,-0.791968835,-0.286871446,0,12,12,7
45,2012,South Carolina,0.459,0.026,0,0,0.460122699,0.701960784,-9,0.553442476,0.391432334,0.489315843,0.343640002,-0.53022158,-0.252723637,0,12,12,8
45,2013,South Carolina,0.445,0.032,0,0,0.47260274,0.729090909,-9,-9,-9,0.540648903,0.266928942,-0.434369648,-0.350508393,1,12,12,9
45,2014,South Carolina,0.42,0.035,0,0,0.494252874,0.678756477,-9,-9,0.379472974,-9,0.276290322,-0.459946646,-0.337828854,1,12,12,10
45,2015,South Carolina,0.393,0.032,0,0,0.497297297,0.676840215,-9,-9,-9,0.452155191,0.272676968,-0.398801859,-0.238913278,1,12,12,11
45,2016,South Carolina,0.45,0.028,0,0,0.475490196,0.700490998,-9,-9,0.34764083,0.605040683,0.275578394,-0.47564981,-0.294674137,1,12,12,12
46,1980,South Dakota,0.592,0.038,0,0,-9,0.693333333,-9,0.629808159,-9,-9,0.709866544,1.005985208,-9,0,0,0,0
46,1981,South Dakota,0.585,0.047,0,0,-9,0.613333333,-9,-9,-9,-9,0.708731945,0.776059331,-9,0,1,0,0
46,1982,South Dakota,0.54,0.047,0,0,-9,0.632911392,-9,-9,-9,-9,0.661381924,0.950492008,-9,0,2,0,0
46,1983,South Dakota,0.624,0.038,0,0,-9,0.671232877,-9,0.661072296,-9,-9,0.714696928,0.619741194,-9,0,3,0,0
46,1984,South Dakota,0.501,0.047,0,0,-9,0.5375,-9,-9,-9,-9,0.735299934,0.693722664,-9,0,4,0,0
46,1985,South Dakota,0.58,0.047,0,0,-9,0.652173913,-9,-9,-9,-9,0.721614871,0.742338116,-9,0,5,0,0
46,1986,South Dakota,0.588,0.038,0,0,-9,0.651162791,-9,0.630973724,-9,-9,0.730222986,1.040982793,-9,0,6,0,0
46,1987,South Dakota,0.568,0.047,0,0,-9,0.642857143,-9,-9,-9,-9,0.735660741,0.649946196,-9,0,7,0,0
46,1988,South Dakota,0.605,0.038,0,0,-9,0.635135135,-9,0.724316822,-9,-9,0.702363859,0.738508158,-9,0,7.91,0.09,0
46,1989,South Dakota,0.604,0.038,0,0,0.294117647,0.630136986,-9,0.700240547,-9,-9,0.749326283,0.660450857,-9,0,8.73,0.27,0
46,1990,South Dakota,0.617,0.038,0,0,0.421052632,0.666666667,-9,0.686726756,-9,-9,0.733723752,0.431746667,-9,0,9.45,0.55,0
46,1991,South Dakota,0.596,0.038,0,0,0.307692308,0.658536585,-9,0.666711895,-9,-9,0.731186563,0.543450172,-9,0,10.09,0.91,0
46,1992,South Dakota,0.55,0.047,0,0,0.277777778,0.639344262,-9,-9,-9,-9,0.718236188,0.407844105,-9,0,10.64,1.36,0
46,1993,South Dakota,0.621,0.038,0,0,0.333333333,0.767676768,-9,0.643388699,-9,-9,0.760401417,0.350297688,-9,0,11.09,1.91,0
46,1994,South Dakota,0.635,0.036,0,0,0.533333333,0.719512195,-9,-9,0.570945451,-9,0.76690126,0.388564037,-9,0,11.45,2.55,0
46,1995,South Dakota,0.617,0.047,0,0,0.466666667,0.704225352,-9,-9,-9,-9,0.777603373,0.520430643,-9,0,11.73,3.27,0
46,1996,South Dakota,0.582,0.031,0,0,0.421052632,0.628571429,-9,0.649946908,0.530763122,-9,0.687363125,0.647114936,-9,0,11.91,4.09,0
46,1997,South Dakota,0.518,0.033,0,0,0.142857143,0.628318584,-9,-9,-9,0.547940446,0.684198409,0.750745664,-9,0,12,5,0
46,1998,South Dakota,0.524,0.036,0,0,0.357142857,0.663366337,-9,-9,0.455028406,-9,0.657854361,0.537264386,-9,0,12,6,0
46,1999,South Dakota,0.494,0.036,0,0,0.4,0.559139785,-9,0.54085307,-9,-9,0.660661459,0.255730242,0.275811291,0,12,7,0
46,2000,South Dakota,0.547,0.026,0,0,0.166666667,0.590361446,-9,0.600253333,0.505179814,0.628920971,0.564226791,0.650036533,0.785925327,0,12,7.91,0.09
46,2001,South Dakota,0.518,0.021,0,0,0.235294118,0.443181818,0.5468987,-9,-9,-9,0.565850943,0.981867992,1.001719221,0,12,8.73,0.27
46,2002,South Dakota,0.564,0.02,0,0,0.111111111,0.631578947,0.600802187,-9,0.442750594,-9,0.570336344,0.891872298,1.44323006,0,12,9.45,0.55
46,2003,South Dakota,0.537,0.032,0,0,0.473684211,0.614457831,-9,-9,-9,0.557074764,0.56534706,0.983460739,1.649691853,0,12,10.09,0.91
46,2004,South Dakota,0.567,0.019,0,0,0.277777778,0.595744681,0.586465114,-9,-9,0.580336118,0.566482565,1.062944447,1.735889127,0,12,10.64,1.36
46,2005,South Dakota,0.504,0.044,0,0,0.117647059,0.663461538,-9,-9,-9,-9,0.5610426,1.108984284,1.654271518,0,12,11.09,1.91
46,2006,South Dakota,0.514,0.044,0,0,0.380952381,0.605769231,-9,-9,-9,-9,0.57017202,1.08710941,1.571870642,0,12,11.45,2.55
46,2007,South Dakota,0.511,0.032,0,0,0.153846154,0.526315789,-9,-9,-9,0.59391625,0.573132494,0.991723786,1.66286013,0,12,11.73,3.27
46,2008,South Dakota,0.51,0.044,0,0,0.391304348,0.584158416,-9,-9,-9,-9,0.576558974,1.009534688,1.726240983,0,12,11.91,4.09
46,2009,South Dakota,0.519,0.032,0,0,0.095238095,0.546296296,-9,-9,-9,0.603099227,0.588190071,0.984842224,1.716901436,0,12,12,5
46,2010,South Dakota,0.523,0.032,0,0,0.263157895,0.539215686,-9,-9,-9,0.588126833,0.596822961,1.004034176,1.685685394,0,12,12,6
46,2011,South Dakota,0.479,0.032,0,0,0.296296296,0.514851485,-9,-9,-9,0.51225658,0.597182926,0.862840886,1.608532001,0,12,12,7
46,2012,South Dakota,0.568,0.026,0,0,0.375,0.572649573,-9,0.650867381,0.511244071,0.622448746,0.587618013,0.801792892,1.660706043,0,12,12,8
46,2013,South Dakota,0.523,0.032,0,0,0.217391304,0.532258065,-9,-9,-9,0.673335246,0.578954428,0.637852434,1.628034077,1,12,12,9
46,2014,South Dakota,0.5,0.035,0,0,0.375,0.587155963,-9,-9,0.446328447,-9,0.566441195,0.699319431,1.680713484,1,12,12,10
46,2015,South Dakota,0.492,0.032,0,0,0.217391304,0.496062992,-9,-9,-9,0.623744006,0.556341825,0.778471593,1.76347641,1,12,12,11
46,2016,South Dakota,0.55,0.028,0,0,0.361111111,0.559055118,-9,-9,0.512110947,0.669858961,0.571343419,0.99717408,1.831573714,1,12,12,12
47,1980,Tennessee,0.573,0.031,1,0,0.690647482,0.762470309,-9,0.547401557,0.542557164,-9,0.419784856,-0.711083341,-9,0,0,0,0
47,1981,Tennessee,0.577,0.047,1,0,0.649253731,0.755148741,-9,-9,-9,-9,0.437479872,-0.596231308,-9,0,1,0,0
47,1982,Tennessee,0.599,0.036,1,0,0.666666667,0.795154185,-9,-9,0.547566976,-9,0.409495467,-0.641902972,-9,0,2,0,0
47,1983,Tennessee,0.577,0.038,1,0,0.647058824,0.785407725,-9,0.584572928,-9,-9,0.414583086,-0.587852029,-9,0,3,0,0
47,1984,Tennessee,0.585,0.036,1,0,0.590277778,0.764023211,-9,-9,0.549304445,-9,0.415130105,-0.649753759,-9,0,4,0,0
47,1985,Tennessee,0.607,0.031,1,0,0.620155039,0.789587852,-9,0.650156487,0.565088036,-9,0.417997422,-0.744725106,-9,0,5,0,0
47,1986,Tennessee,0.548,0.038,1,0,0.605839416,0.760914761,-9,0.522141436,-9,-9,0.450194351,-0.636301554,-9,0,6,0,0
47,1987,Tennessee,0.582,0.036,1,0,0.650793651,0.769547325,-9,-9,0.523551375,-9,0.437653575,-0.751258827,-9,0,7,0,0
47,1988,Tennessee,0.588,0.031,1,0,0.606557377,0.803001876,-9,0.706590372,0.462698335,-9,0.433110999,-0.616685798,-9,0,7.91,0.09,0
47,1989,Tennessee,0.584,0.031,1,0,0.606837607,0.798130841,-9,0.594772868,0.522480564,-9,0.432005914,-0.429176321,-9,0,8.73,0.27,0
47,1990,Tennessee,0.557,0.031,1,0,0.581395349,0.77480916,-9,0.540632097,0.504569092,-9,0.433908861,-0.427101296,-9,0,9.45,0.55,0
47,1991,Tennessee,0.576,0.031,1,0,0.62992126,0.781308411,-9,0.619814903,0.495874117,-9,0.440910812,-0.5948845,-9,0,10.09,0.91,0
47,1992,Tennessee,0.581,0.047,1,0,0.642201835,0.772643253,-9,-9,-9,-9,0.434114352,-0.57304949,-9,0,10.64,1.36,0
47,1993,Tennessee,0.59,0.031,1,0,0.653846154,0.782688766,-9,0.619797964,0.539144229,-9,0.411113439,-0.481837306,-9,0,11.09,1.91,0
47,1994,Tennessee,0.574,0.036,1,0,0.638655462,0.794824399,-9,-9,0.506513221,-9,0.409364405,-0.477373917,-9,0,11.45,2.55,0
47,1995,Tennessee,0.565,0.047,1,0,0.644628099,0.748214286,-9,-9,-9,-9,0.409479822,-0.248781873,-9,0,11.73,3.27,0
47,1996,Tennessee,0.518,0.031,1,0,0.525,0.761821366,-9,0.502021463,0.462427843,-9,0.400907561,-0.133410448,-9,0,11.91,4.09,0
47,1997,Tennessee,0.508,0.029,1,0,0.5,0.743455497,-9,0.556101557,-9,0.49641932,0.398918604,-0.091382959,-9,0,12,5,0
47,1998,Tennessee,0.513,0.036,1,0,0.533333333,0.732323232,-9,-9,0.439412985,-9,0.39180724,0.25883004,-9,0,12,6,0
47,1999,Tennessee,0.503,0.036,0,0,0.492857143,0.730375427,-9,0.499947102,-9,-9,0.378044834,-0.063139165,0.532855292,0,12,7,0
47,2000,Tennessee,0.489,0.026,0,0,0.493150685,0.734589041,-9,0.57904243,0.45479124,0.452773833,0.375892215,0.012832046,0.408722081,0,12,7.91,0.09
47,2001,Tennessee,0.444,0.021,0,0,0.473684211,0.721453287,0.426340769,-9,-9,-9,0.427294206,-0.0229356,0.31281777,0,12,8.73,0.27
47,2002,Tennessee,0.468,0.02,0,0,0.487951807,0.718954248,0.471494244,-9,0.3656832,-9,0.434487331,-0.132364225,0.355268699,0,12,9.45,0.55
47,2003,Tennessee,0.436,0.032,0,0,0.509090909,0.685092127,-9,-9,-9,0.418736302,0.402307687,-0.159535347,0.28634491,0,12,10.09,0.91
47,2004,Tennessee,0.472,0.018,0,0,0.527272727,0.70015949,0.475589758,-9,0.454472109,0.450878619,0.430243949,-0.062966338,0.206078137,0,12,10.64,1.36
47,2005,Tennessee,0.467,0.044,0,0,0.522012579,0.672883788,-9,-9,-9,-9,0.397469041,-0.102255534,0.13015744,0,12,11.09,1.91
47,2006,Tennessee,0.447,0.035,0,0,0.476923077,0.701030928,-9,-9,0.367372833,-9,0.45522829,-0.166226979,0.112104284,0,12,11.45,2.55
47,2007,Tennessee,0.461,0.032,0,0,0.502487562,0.690513219,-9,-9,-9,0.471954748,0.412750456,-0.083970432,0.200769647,0,12,11.73,3.27
47,2008,Tennessee,0.495,0.035,0,0,0.488789238,0.666666667,-9,-9,0.515378823,-9,0.331445903,-0.150888011,0.259433446,0,12,11.91,4.09
47,2009,Tennessee,0.421,0.032,0,0,0.35678392,0.672459893,-9,-9,-9,0.427551612,0.352820549,-0.012525414,0.370272819,0,12,12,5
47,2010,Tennessee,0.438,0.028,0,0,0.460465116,0.667582418,-9,-9,0.417631212,0.43747805,0.340459041,0.002525524,0.380523654,0,12,12,6
47,2011,Tennessee,0.491,0.032,0,0,0.475961538,0.658634538,-9,-9,-9,0.547229463,0.334522813,0.109714527,0.42649292,0,12,12,7
47,2012,Tennessee,0.478,0.026,0,0,0.463768116,0.687418936,-9,0.591108619,0.413137976,0.488663195,0.327303856,0.08378847,0.441362509,0,12,12,8
47,2013,Tennessee,0.469,0.032,0,0,0.485,0.697590361,-9,-9,-9,0.555520359,0.3185001,0.115300179,0.458761759,1,12,12,9
47,2014,Tennessee,0.427,0.035,0,0,0.502439024,0.683080808,-9,-9,0.331866593,-9,0.323674959,0.103788184,0.500170538,1,12,12,10
47,2015,Tennessee,0.416,0.032,0,0,0.3930131,0.653158522,-9,-9,-9,0.474977432,0.329902038,-0.102055092,0.751962113,1,12,12,11
47,2016,Tennessee,0.469,0.028,0,0,0.43083004,0.65967366,-9,-9,0.380948483,0.600722073,0.334626655,0.001705592,0.805555501,1,12,12,12
48,1980,Texas,0.58,0.031,0,0,0.595477387,0.751846381,-9,0.550141541,0.572335221,-9,0.286264124,0.373698543,-9,0,0,0,0
48,1981,Texas,0.586,0.047,0,0,0.641255605,0.765254846,-9,-9,-9,-9,0.284676609,0.399277035,-9,0,1,0,0
48,1982,Texas,0.613,0.036,0,0,0.662100457,0.76799441,-9,-9,0.576145432,-9,0.299773471,0.358744558,-9,0,2,0,0
48,1983,Texas,0.586,0.038,0,0,0.659388646,0.769922879,-9,0.596397698,-9,-9,0.300613717,0.387404771,-9,0,3,0,0
48,1984,Texas,0.545,0.036,0,0,0.635103926,0.709480122,-9,-9,0.485569,-9,0.288798761,0.129301974,-9,0,4,0,0
48,1985,Texas,0.506,0.031,0,0,0.579741379,0.736872146,-9,0.474267897,0.438003725,-9,0.280924667,0.227967398,-9,0,5,0,0
48,1986,Texas,0.529,0.038,0,0,0.576,0.727784027,-9,0.511292793,-9,-9,0.283943025,0.208881358,-9,0,6,0,0
48,1987,Texas,0.516,0.036,0,0,0.556603774,0.75,-9,-9,0.415601959,-9,0.291782915,0.176462553,-9,0,7,0,0
48,1988,Texas,0.541,0.031,0,0,0.586065574,0.72056338,-9,0.629231631,0.443722537,-9,0.293575677,-0.051681856,-9,0,7.91,0.09,0
48,1989,Texas,0.555,0.031,0,0,0.596452328,0.724776119,-9,0.621458747,0.485184969,-9,0.29268647,-0.114235386,-9,0,8.73,0.27,0
48,1990,Texas,0.53,0.031,0,0,0.595132743,0.755986317,-9,0.536544032,0.464416658,-9,0.283854783,-0.247935876,-9,0,9.45,0.55,0
48,1991,Texas,0.514,0.031,0,0,0.564159292,0.731775181,-9,0.591041195,0.412014872,-9,0.275991564,-0.309863989,-9,0,10.09,0.91,0
48,1992,Texas,0.522,0.047,0,0,0.543046358,0.713019391,-9,-9,-9,-9,0.281612531,-0.253819099,-9,0,10.64,1.36,0
48,1993,Texas,0.563,0.031,0,0,0.548245614,0.722099448,-9,0.640310105,0.525559243,-9,0.282834482,-0.296792065,-9,0,11.09,1.91,0
48,1994,Texas,0.517,0.036,0,0,0.574324324,0.737982039,-9,-9,0.456218062,-9,0.279223236,-0.32833709,-9,0,11.45,2.55,0
48,1995,Texas,0.488,0.047,0,0,0.49339207,0.699438202,-9,-9,-9,-9,0.279102177,-0.535953205,-9,0,11.73,3.27,0
48,1996,Texas,0.491,0.031,0,0,0.485148515,0.688840022,-9,0.492325288,0.479353225,-9,0.273383709,-0.434588209,-9,0,11.91,4.09,0
48,1997,Texas,0.494,0.029,0,0,0.46347032,0.677985948,-9,0.522227922,-9,0.547245916,0.246396327,-0.489959733,-9,0,12,5,0
48,1998,Texas,0.466,0.036,0,0,0.502380952,0.673671921,-9,-9,0.43736693,-9,0.24325623,-0.425724691,-9,0,12,6,0
48,1999,Texas,0.421,0.036,0,0,0.459657702,0.649122807,-9,0.447771342,-9,-9,0.239929816,-0.524729709,-0.236416516,0,12,7,0
48,2000,Texas,0.417,0.026,0,0,0.495073892,0.64845173,-9,0.482721816,0.316150226,0.478260448,0.237702247,-0.563489049,-0.263082454,0,12,7.91,0.09
48,2001,Texas,0.377,0.021,0,0,0.445945946,0.661987647,0.365700842,-9,-9,-9,0.237846556,-0.541996946,-0.288460568,0,12,8.73,0.27
48,2002,Texas,0.379,0.02,0,0,0.368316832,0.625138427,0.371759773,-9,0.379298933,-9,0.235788988,-0.466089424,-0.316147388,0,12,9.45,0.55
48,2003,Texas,0.362,0.032,0,0,0.388998035,0.621359223,-9,-9,-9,0.37342392,0.235850535,-0.448930942,-0.319835894,0,12,10.09,0.91
48,2004,Texas,0.368,0.018,0,0,0.436619718,0.610648918,0.366212663,-9,0.361721947,0.385984854,0.232054764,-0.494197863,-0.366030181,0,12,10.64,1.36
48,2005,Texas,0.376,0.044,0,0,0.412955466,0.611746362,-9,-9,-9,-9,0.231949972,-0.493738288,-0.265105795,0,12,11.09,1.91
48,2006,Texas,0.363,0.035,0,0,0.426,0.594477531,-9,-9,0.338125441,-9,0.22905937,-0.546272203,-0.321131743,0,12,11.45,2.55
48,2007,Texas,0.392,0.032,0,0,0.387225549,0.629917184,-9,-9,-9,0.435748781,0.239764975,-0.540671333,-0.272955721,0,12,11.73,3.27
48,2008,Texas,0.367,0.035,0,0,0.428,0.62962963,-9,-9,0.319171867,-9,0.243038896,-0.549760959,-0.206359951,0,12,11.91,4.09
48,2009,Texas,0.357,0.032,0,0,0.403846154,0.604380867,-9,-9,-9,0.373905637,0.242773226,-0.527384477,-0.25668958,0,12,12,5
48,2010,Texas,0.346,0.028,0,0,0.370558376,0.644782609,-9,-9,0.242184042,0.405457949,0.245568978,-0.57501931,-0.28977828,0,12,12,6
48,2011,Texas,0.378,0.032,0,0,0.455759599,0.614279495,-9,-9,-9,0.400755753,0.233736703,-0.482400983,-0.253753095,0,12,12,7
48,2012,Texas,0.426,0.026,0,0,0.408427877,0.616528926,-9,0.608023249,0.403788592,0.41316824,0.229385027,-0.357535034,-0.261653052,0,12,12,8
48,2013,Texas,0.364,0.032,0,0,0.417040359,0.628033473,-9,-9,-9,0.439994491,0.229950358,-0.418796821,-0.27215223,1,12,12,9
48,2014,Texas,0.385,0.035,0,0,0.388429752,0.596123418,-9,-9,0.378340087,-9,0.226564062,-0.449702164,-0.25247843,1,12,12,10
48,2015,Texas,0.336,0.032,0,0,0.430203046,0.632887189,-9,-9,-9,0.379589568,0.231227034,-0.464536681,-0.294883813,1,12,12,11
48,2016,Texas,0.355,0.028,0,0,0.430429129,0.61971313,-9,-9,0.337897736,0.425182054,0.234763821,-0.579943251,-0.415860044,1,12,12,12
49,1980,Utah,0.53,0.038,0,0,0.358490566,0.664285714,-9,0.585437264,-9,-9,0.499687583,-0.211299739,-9,0,0,0,0
49,1981,Utah,0.496,0.047,0,0,0.305555556,0.658385093,-9,-9,-9,-9,0.448441138,-0.136249156,-9,0,1,0,0
49,1982,Utah,0.551,0.047,0,0,0.441176471,0.732142857,-9,-9,-9,-9,0.452008154,-0.256300908,-9,0,2,0,0
49,1983,Utah,0.535,0.038,0,0,0.45,0.662790698,-9,0.562925961,-9,-9,0.45165213,0.232271581,-9,0,3,0,0
49,1984,Utah,0.581,0.036,0,0,0.363636364,0.655555556,-9,-9,0.623525549,-9,0.423950592,-0.223267742,-9,0,4,0,0
49,1985,Utah,0.565,0.036,0,0,0.357142857,0.699421965,-9,-9,0.567357375,-9,0.423646057,-0.229090882,-9,0,5,0,0
49,1986,Utah,0.531,0.038,0,0,0.408163265,0.698979592,-9,0.576889232,-9,-9,0.420519082,-0.40456556,-9,0,6,0,0
49,1987,Utah,0.57,0.036,0,0,0.409090909,0.689839572,-9,-9,0.584379696,-9,0.412517032,-0.533457903,-9,0,7,0,0
49,1988,Utah,0.56,0.031,0,0,0.418181818,0.643678161,-9,0.701075488,0.504444764,-9,0.427511852,-0.322504774,-9,0,7.91,0.09,0
49,1989,Utah,0.566,0.031,0,0,0.363636364,0.700598802,-9,0.632028422,0.546656274,-9,0.421797532,-0.330797903,-9,0,8.73,0.27,0
49,1990,Utah,0.551,0.031,0,0,0.43902439,0.677130045,-9,0.614202251,0.518899041,-9,0.444100444,-0.526289609,-9,0,9.45,0.55,0
49,1991,Utah,0.524,0.031,0,0,0.351851852,0.693965517,-9,0.639244186,0.443212143,-9,0.436826252,-0.57612506,-9,0,10.09,0.91,0
49,1992,Utah,0.489,0.047,0,0,0.351351351,0.652968037,-9,-9,-9,-9,0.467322029,-0.573924563,-9,0,10.64,1.36,0
49,1993,Utah,0.496,0.038,0,0,0.333333333,0.646511628,-9,0.53781678,-9,-9,0.488311347,-0.415396328,-9,0,11.09,1.91,0
49,1994,Utah,0.479,0.047,0,0,0.264150943,0.680672269,-9,-9,-9,-9,0.43917376,-0.476586618,-9,0,11.45,2.55,0
49,1995,Utah,0.477,0.047,0,0,0.327586207,0.639130435,-9,-9,-9,-9,0.442743579,-0.125459971,-9,0,11.73,3.27,0
49,1996,Utah,0.481,0.047,0,0,0.425531915,0.629166667,-9,-9,-9,-9,0.429373194,-0.126800195,-9,0,11.91,4.09,0
49,1997,Utah,0.464,0.029,0,0,0.453125,0.58649789,-9,0.459521453,-9,0.504675966,0.462916345,-0.226344706,-9,0,12,5,0
49,1998,Utah,0.47,0.047,0,0,0.381818182,0.633451957,-9,-9,-9,-9,0.438271184,-0.027364371,-9,0,12,6,0
49,1999,Utah,0.428,0.036,0,0,0.317073171,0.580912863,-9,0.476546359,-9,-9,0.412715452,-0.196301991,-0.049887206,0,12,7,0
49,2000,Utah,0.505,0.029,0,0,0.328767123,0.666666667,-9,0.505939808,-9,0.597471446,0.382728464,0.130184619,-0.154756957,0,12,7.91,0.09
49,2001,Utah,0.455,0.021,0,0,0.375,0.60754717,0.468549189,-9,-9,-9,0.333255746,-0.029039813,-0.215423673,0,12,8.73,0.27
49,2002,Utah,0.467,0.021,0,0,0.233766234,0.593155894,0.49585405,-9,-9,-9,0.305607295,-0.110979885,-0.301379482,0,12,9.45,0.55
49,2003,Utah,0.401,0.032,0,0,0.345454545,0.576512456,-9,-9,-9,0.451912582,0.30974556,-0.003404636,-0.302414917,0,12,10.09,0.91
49,2004,Utah,0.442,0.019,0,0,0.268656716,0.532258065,0.47113666,-9,-9,0.465440804,0.300683355,0.105767185,-0.321180101,0,12,10.64,1.36
49,2005,Utah,0.377,0.044,0,0,0.241935484,0.611888112,-9,-9,-9,-9,0.303534166,0.018132689,-0.226344977,0,12,11.09,1.91
49,2006,Utah,0.378,0.044,0,0,0.317073171,0.582142857,-9,-9,-9,-9,0.30197552,0.06283466,-0.074787343,0,12,11.45,2.55
49,2007,Utah,0.426,0.032,0,0,0.381578947,0.556291391,-9,-9,-9,0.506364732,0.291890417,0.054264102,-0.095660756,0,12,11.73,3.27
49,2008,Utah,0.355,0.044,0,0,0.273972603,0.555205047,-9,-9,-9,-9,0.309013567,0.006610923,-0.257986115,0,12,11.91,4.09
49,2009,Utah,0.396,0.032,0,0,0.295918367,0.535612536,-9,-9,-9,0.476579784,0.305568163,0.036828766,-0.474326637,0,12,12,5
49,2010,Utah,0.416,0.032,0,0,0.336734694,0.645333333,-9,-9,-9,0.466793326,0.316208029,-0.07098782,-0.638340137,0,12,12,6
49,2011,Utah,0.392,0.032,0,0,0.365217391,0.583979328,-9,-9,-9,0.434944177,0.343889922,0.038896367,-0.659668095,0,12,12,7
49,2012,Utah,0.423,0.026,0,0,0.239316239,0.58891455,-9,0.509015092,0.413287347,0.467881469,0.348522242,-0.222706418,-0.635499144,0,12,12,8
49,2013,Utah,0.425,0.032,0,0,0.2734375,0.576496674,-9,-9,-9,0.586857706,0.346092062,-0.288687626,-0.70480935,1,12,12,9
49,2014,Utah,0.349,0.035,0,0,0.241134752,0.583732057,-9,-9,0.322608075,-9,0.337948274,-0.355948067,-0.760674637,1,12,12,10
49,2015,Utah,0.35,0.032,0,0,0.241830065,0.578616352,-9,-9,-9,0.446925538,0.334611099,-0.354873494,-0.722250177,1,12,12,11
49,2016,Utah,0.397,0.028,0,0,0.294117647,0.565310493,-9,-9,0.336430601,0.561900052,0.338414036,-0.458817568,-0.75390678,1,12,12,12
50,1980,Vermont,0.521,0.038,0,0,-9,0.689655172,-9,0.510643091,-9,-9,0.550518856,0.27944802,-9,0,0,0,0
50,1981,Vermont,0.483,0.047,0,0,-9,0.632352941,-9,-9,-9,-9,0.553408175,0.167086594,-9,0,1,0,0
50,1982,Vermont,0.621,0.047,0,0,-9,0.774647887,-9,-9,-9,-9,0.497994221,0.328163763,-9,0,2,0,0
50,1983,Vermont,0.466,0.038,0,0,-9,0.681818182,-9,0.404590059,-9,-9,0.456075849,0.311860403,-9,0,3,0,0
50,1984,Vermont,0.564,0.047,0,0,-9,0.761904762,-9,-9,-9,-9,0.454659053,0.635275427,-9,0,4,0,0
50,1985,Vermont,0.519,0.047,0,0,-9,0.666666667,-9,-9,-9,-9,0.472447054,0.84056646,-9,0,5,0,0
50,1986,Vermont,0.562,0.047,0,0,-9,0.698412698,-9,-9,-9,-9,0.425215299,1.058907015,-9,0,6,0,0
50,1987,Vermont,0.569,0.047,0,0,-9,0.720588235,-9,-9,-9,-9,0.409235685,1.109341393,-9,0,7,0,0
50,1988,Vermont,0.587,0.038,0,0,-9,0.757142857,-9,0.619126061,-9,-9,0.409449521,1.151189652,-9,0,7.91,0.09,0
50,1989,Vermont,0.615,0.038,0,0,0.615384615,0.75308642,-9,0.60569735,-9,-9,0.458473406,1.130465079,-9,0,8.73,0.27,0
50,1990,Vermont,0.552,0.038,0,0,0.571428571,0.614285714,-9,0.548351629,-9,-9,0.45330247,1.482164033,-9,0,9.45,0.55,0
50,1991,Vermont,0.6,0.038,0,0,0.333333333,0.783783784,-9,0.600391788,-9,-9,0.471915693,1.559449169,-9,0,10.09,0.91,0
50,1992,Vermont,0.601,0.047,0,0,0.333333333,0.76056338,-9,-9,-9,-9,0.478725745,1.465930007,-9,0,10.64,1.36,0
50,1993,Vermont,0.594,0.038,0,0,0.5625,0.776315789,-9,0.560413725,-9,-9,0.47828338,0.925577135,-9,0,11.09,1.91,0
50,1994,Vermont,0.563,0.036,0,0,0.411764706,0.756097561,-9,-9,0.478332024,-9,0.471243686,0.942730159,-9,0,11.45,2.55,0
50,1995,Vermont,0.561,0.047,0,0,0.625,0.65,-9,-9,-9,-9,0.486161577,0.577851494,-9,0,11.73,3.27,0
50,1996,Vermont,0.521,0.036,0,0,0.666666667,0.683333333,-9,-9,0.411832649,-9,0.491667307,0.350050956,-9,0,11.91,4.09,0
50,1997,Vermont,0.46,0.033,0,0,0.25,0.649122807,-9,-9,-9,0.460721185,0.498681755,0.351103021,-9,0,12,5,0
50,1998,Vermont,0.504,0.036,0,0,0.384615385,0.712328767,-9,-9,0.413373254,-9,0.523712565,0.549162964,-9,0,12,6,0
50,1999,Vermont,0.551,0.036,0,0,0.357142857,0.836734694,-9,0.449303594,-9,-9,0.542716415,2.712425818,0.024180076,0,12,7,0
50,2000,Vermont,0.47,0.026,0,0,0.333333333,0.647058824,-9,0.471592348,0.378544848,0.521312575,0.565286567,0.962662564,0.005893247,0,12,7.91,0.09
50,2001,Vermont,0.43,0.021,0,0,0,0.711864407,0.41813101,-9,-9,-9,0.542100831,1.105445786,-0.006617063,0,12,8.73,0.27
50,2002,Vermont,0.441,0.02,0,0,0.266666667,0.649350649,0.4437991,-9,0.346398911,-9,0.524005267,1.137440908,0.069194922,0,12,9.45,0.55
50,2003,Vermont,0.427,0.032,0,0,0.071428571,0.536231884,-9,-9,-9,0.488327512,0.516651379,1.084985952,-0.002261921,0,12,10.09,0.91
50,2004,Vermont,0.442,0.019,0,0,0.1875,0.688311688,0.430912144,-9,-9,0.481905006,0.522109258,0.935462369,-0.092108494,0,12,10.64,1.36
50,2005,Vermont,0.403,0.044,0,0,0.277777778,0.516666667,-9,-9,-9,-9,0.515253515,1.107848196,-0.206052571,0,12,11.09,1.91
50,2006,Vermont,0.441,0.044,0,0,0.15,0.655737705,-9,-9,-9,-9,0.491949862,1.122975163,-0.116377306,0,12,11.45,2.55
50,2007,Vermont,0.43,0.032,0,0,0.210526316,0.557142857,-9,-9,-9,0.485298059,0.469730412,1.100030502,-0.158349845,0,12,11.73,3.27
50,2008,Vermont,0.4,0.044,0,0,0.045454545,0.597222222,-9,-9,-9,-9,0.486079163,1.204300422,-0.186391968,0,12,11.91,4.09
50,2009,Vermont,0.498,0.032,0,0,0.388888889,0.753623188,-9,-9,-9,0.503179038,0.496868882,1.042865777,-0.166872456,0,12,12,5
50,2010,Vermont,0.484,0.032,0,0,0.5,0.651162791,-9,-9,-9,0.501578737,0.496501896,0.978452678,-0.058084103,0,12,12,6
50,2011,Vermont,0.472,0.032,0,0,0.272727273,0.653061224,-9,-9,-9,0.501922853,0.518247136,1.025726748,-0.057886861,0,12,12,7
50,2012,Vermont,0.482,0.026,0,0,0.090909091,0.644736842,-9,0.536056941,0.446530919,0.534394184,0.523679161,0.928761845,-0.045727649,0,12,12,8
50,2013,Vermont,0.483,0.032,0,0,0.366666667,0.585365854,-9,-9,-9,0.608088921,0.519888639,0.822132061,-0.058773363,1,12,12,9
50,2014,Vermont,0.437,0.035,0,0,0.318181818,0.509803922,-9,-9,0.445580512,-9,0.49580806,0.800720983,-0.062141531,1,12,12,10
50,2015,Vermont,0.43,0.032,0,0,0.125,0.655172414,-9,-9,-9,0.510332791,0.515469202,0.700525334,-0.023932536,1,12,12,11
50,2016,Vermont,0.503,0.028,0,0,0.12,0.709677419,-9,-9,0.402137579,0.663678954,0.511055219,0.894838455,0.135353488,1,12,12,12
51,1980,Virginia,0.558,0.031,0,0,0.463087248,0.72614841,-9,0.457540822,0.611681909,-9,0.399867327,-0.35888548,-9,0,0,0,0
51,1981,Virginia,0.522,0.047,0,0,0.441860465,0.705555556,-9,-9,-9,-9,0.383645686,-0.328069571,-9,0,1,0,0
51,1982,Virginia,0.538,0.036,0,0,0.471264368,0.711375212,-9,-9,0.49893416,-9,0.384544383,-0.362647695,-9,0,2,0,0
51,1983,Virginia,0.487,0.038,0,0,0.493975904,0.711433757,-9,0.425463592,-9,-9,0.384418893,-0.318806093,-9,0,3,0,0
51,1984,Virginia,0.519,0.036,0,0,0.431693989,0.693761815,-9,-9,0.478386074,-9,0.378099753,-0.365372431,-9,0,4,0,0
51,1985,Virginia,0.508,0.031,0,0,0.49375,0.72250423,-9,0.563714226,0.40016013,-9,0.373755445,-0.137274533,-9,0,5,0,0
51,1986,Virginia,0.505,0.038,0,0,0.497076023,0.712732919,-9,0.461243568,-9,-9,0.376648081,-0.055083162,-9,0,6,0,0
51,1987,Virginia,0.493,0.036,0,0,0.438596491,0.712121212,-9,-9,0.402771329,-9,0.37881079,-0.126590162,-9,0,7,0,0
51,1988,Virginia,0.523,0.031,0,0,0.490797546,0.739864865,-9,0.653352036,0.36599684,-9,0.391450596,-0.027499815,-9,0,7.91,0.09,0
51,1989,Virginia,0.537,0.031,0,0,0.441717791,0.752688172,-9,0.556432073,0.466828701,-9,0.374009067,0.118828427,-9,0,8.73,0.27,0
51,1990,Virginia,0.517,0.031,0,0,0.49044586,0.739875389,-9,0.497754766,0.451152885,-9,0.370273491,0.153253338,-9,0,9.45,0.55,0
51,1991,Virginia,0.549,0.031,0,0,0.484662577,0.750793651,-9,0.565679657,0.489851208,-9,0.358518238,0.194302426,-9,0,10.09,0.91,0
51,1992,Virginia,0.553,0.047,0,0,0.448529412,0.75295858,-9,-9,-9,-9,0.370747162,0.080587105,-9,0,10.64,1.36,0
51,1993,Virginia,0.466,0.031,0,0,0.485507246,0.705426357,-9,0.447847262,0.385329969,-9,0.360868417,-0.113223649,-9,0,11.09,1.91,0
51,1994,Virginia,0.5,0.036,0,0,0.465753425,0.712592593,-9,-9,0.429027151,-9,0.360729349,-0.122792518,-9,0,11.45,2.55,0
51,1995,Virginia,0.515,0.047,0,0,0.450617284,0.714285714,-9,-9,-9,-9,0.361807275,-0.200952576,-9,0,11.73,3.27,0
51,1996,Virginia,0.49,0.031,0,0,0.528089888,0.718894009,-9,0.501881543,0.415380582,-9,0.35797223,-0.160903643,-9,0,11.91,4.09,0
51,1997,Virginia,0.463,0.029,0,0,0.444444444,0.703883495,-9,0.490747838,-9,0.45552236,0.348931698,-0.15051267,-9,0,12,5,0
51,1998,Virginia,0.448,0.036,0,0,0.443181818,0.695852535,-9,-9,0.375425377,-9,0.34110952,-0.39866814,-9,0,12,6,0
51,1999,Virginia,0.431,0.036,0,0,0.385542169,0.7024,-9,0.426817066,-9,-9,0.33509582,-0.709441461,-0.325391614,0,12,7,0
51,2000,Virginia,0.418,0.026,0,0,0.383233533,0.698835275,-9,0.500786993,0.356211373,0.414872971,0.329072874,-0.345258313,-0.336134715,0,12,7.91,0.09
51,2001,Virginia,0.362,0.021,0,0,0.369318182,0.647342995,0.346049454,-9,-9,-9,0.326274078,-0.389311058,-0.330998845,0,12,8.73,0.27
51,2002,Virginia,0.386,0.02,0,0,0.388571429,0.677884615,0.386542501,-9,0.303807818,-9,0.326103179,-0.377545651,-0.313713387,0,12,9.45,0.55
51,2003,Virginia,0.358,0.032,0,0,0.333333333,0.622820919,-9,-9,-9,0.352483792,0.321882861,-0.290306381,-0.284153757,0,12,10.09,0.91
51,2004,Virginia,0.384,0.018,0,0,0.403508772,0.646879756,0.39042036,-9,0.35108031,0.368647187,0.321961047,-0.264830655,-0.250646443,0,12,10.64,1.36
51,2005,Virginia,0.408,0.044,0,0,0.356756757,0.653450808,-9,-9,-9,-9,0.317388259,-0.209940463,-0.242223739,0,12,11.09,1.91
51,2006,Virginia,0.373,0.035,0,0,0.388349515,0.625373134,-9,-9,0.312568991,-9,0.316065051,-0.104444548,-0.221873203,0,12,11.45,2.55
51,2007,Virginia,0.367,0.032,0,0,0.331877729,0.631336406,-9,-9,-9,0.373342795,0.309503913,-0.27062293,-0.200432598,0,12,11.73,3.27
51,2008,Virginia,0.372,0.035,0,0,0.323529412,0.615591398,-9,-9,0.328034515,-9,0.308146736,-0.109749192,-0.169497431,0,12,11.91,4.09
51,2009,Virginia,0.359,0.032,0,0,0.322580645,0.612600536,-9,-9,-9,0.365183229,0.306384234,-0.273342407,-0.146379678,0,12,12,5
51,2010,Virginia,0.363,0.028,0,0,0.319371728,0.667098446,-9,-9,0.309843733,0.36893984,0.306998471,-0.287807208,0.000260222,0,12,12,6
51,2011,Virginia,0.413,0.032,0,0,0.363636364,0.63546798,-9,-9,-9,0.452244595,0.306517437,-0.24995008,-0.167585502,0,12,12,7
51,2012,Virginia,0.397,0.026,0,0,0.334763948,0.613253012,-9,0.472359079,0.35376725,0.421166807,0.300814593,-0.260511995,-0.057158969,0,12,12,8
51,2013,Virginia,0.37,0.032,0,0,0.415254237,0.601674641,-9,-9,-9,0.436728785,0.305060878,-0.267671568,0.027602032,1,12,12,9
51,2014,Virginia,0.362,0.035,0,0,0.339920949,0.620689655,-9,-9,0.29222063,-9,0.305037203,-0.257302308,-0.060358019,1,12,12,10
51,2015,Virginia,0.345,0.032,0,0,0.37007874,0.62037037,-9,-9,-9,0.384161983,0.306653034,-0.208411852,-0.050692263,1,12,12,11
51,2016,Virginia,0.353,0.028,0,0,0.368421053,0.642451759,-9,-9,0.298906675,0.410877471,0.308196003,-0.168454987,0.078307894,1,12,12,12
53,1980,Washington,0.489,0.031,0,0,0.384615385,0.55952381,-9,0.491343027,0.469833798,-9,0.46242996,0.527615808,-9,0,0,0,0
53,1981,Washington,0.529,0.047,0,0,0.486842105,0.603340292,-9,-9,-9,-9,0.457234743,0.783549887,-9,0,1,0,0
53,1982,Washington,0.54,0.036,0,0,0.328358209,0.641552511,-9,-9,0.521797157,-9,0.435728387,0.655722157,-9,0,2,0,0
53,1983,Washington,0.498,0.038,0,0,0.406896552,0.628450106,-9,0.488791907,-9,-9,0.418469674,0.714574127,-9,0,3,0,0
53,1984,Washington,0.488,0.036,0,0,0.3203125,0.579545455,-9,-9,0.463671398,-9,0.413002849,0.471240274,-9,0,4,0,0
53,1985,Washington,0.495,0.031,0,0,0.369565217,0.58490566,-9,0.54408737,0.455269937,-9,0.396736027,0.473291696,-9,0,5,0,0
53,1986,Washington,0.446,0.038,0,0,0.223529412,0.564453125,-9,0.480552076,-9,-9,0.375546042,0.403963042,-9,0,6,0,0
53,1987,Washington,0.472,0.036,0,0,0.319148936,0.583482944,-9,-9,0.441434247,-9,0.3809378,0.278934996,-9,0,7,0,0
53,1988,Washington,0.488,0.031,0,0,0.335664336,0.614583333,-9,0.588944991,0.409851396,-9,0.373431895,0.253121172,-9,0,7.91,0.09,0
53,1989,Washington,0.511,0.031,0,0,0.344594595,0.65,-9,0.56638466,0.460695484,-9,0.367240388,0.351177872,-9,0,8.73,0.27,0
53,1990,Washington,0.474,0.031,0,0,0.434782609,0.584415584,-9,0.502647617,0.423653305,-9,0.367056447,0.371144712,-9,0,9.45,0.55,0
53,1991,Washington,0.456,0.031,0,0,0.401408451,0.614545455,-9,0.52203847,0.34615349,-9,0.366183817,0.616042648,-9,0,10.09,0.91,0
53,1992,Washington,0.487,0.047,0,0,0.37414966,0.60511883,-9,-9,-9,-9,0.355676579,0.73238512,-9,0,10.64,1.36,0
53,1993,Washington,0.492,0.031,0,0,0.478873239,0.651459854,-9,0.479990769,0.431033843,-9,0.361037817,0.864010008,-9,0,11.09,1.91,0
53,1994,Washington,0.457,0.036,0,0,0.312056738,0.637540453,-9,-9,0.383537681,-9,0.350524177,0.853345173,-9,0,11.45,2.55,0
53,1995,Washington,0.503,0.047,0,0,0.410958904,0.622047244,-9,-9,-9,-9,0.374752236,1.018754902,-9,0,11.73,3.27,0
53,1996,Washington,0.458,0.031,0,0,0.330882353,0.643642072,-9,0.490823289,0.397433893,-9,0.337448072,0.549354682,-9,0,11.91,4.09,0
53,1997,Washington,0.427,0.029,0,0,0.385185185,0.625632378,-9,0.427009846,-9,0.431958104,0.323527741,0.510099464,-9,0,12,5,0
53,1998,Washington,0.446,0.036,0,0,0.374100719,0.578207381,-9,-9,0.430752071,-9,0.317956188,0.335244622,-9,0,12,6,0
53,1999,Washington,0.396,0.036,0,0,0.333333333,0.609302326,-9,0.404795962,-9,-9,0.355290818,0.070239948,-0.784802514,0,12,7,0
53,2000,Washington,0.402,0.026,0,0,0.364285714,0.577512777,-9,0.461883445,0.405147017,0.414340183,0.264726274,0.259531773,-0.706306887,0,12,7.91,0.09
53,2001,Washington,0.341,0.021,0,0,0.408450704,0.584210526,0.328860002,-9,-9,-9,0.241249871,0.198021031,-0.619196575,0,12,8.73,0.27
53,2002,Washington,0.362,0.02,0,0,0.301775148,0.601246106,0.365157009,-9,0.280332932,-9,0.359175125,0.145292658,-0.46280608,0,12,9.45,0.55
53,2003,Washington,0.383,0.032,0,0,0.397515528,0.579439252,-9,-9,-9,0.391433517,0.377860774,0.22029057,-0.338829594,0,12,10.09,0.91
53,2004,Washington,0.369,0.018,0,0,0.356020942,0.555555556,0.380927744,-9,0.307441289,0.379415059,0.355485272,0.190937845,-0.314610163,0,12,10.64,1.36
53,2005,Washington,0.364,0.044,0,0,0.222891566,0.550304878,-9,-9,-9,-9,0.37320676,0.226154048,-0.2723024,0,12,11.09,1.91
53,2006,Washington,0.359,0.035,0,0,0.214689266,0.568037975,-9,-9,0.326206174,-9,0.373897906,0.203019727,-0.283329724,0,12,11.45,2.55
53,2007,Washington,0.361,0.032,0,0,0.226315789,0.548148148,-9,-9,-9,0.392631773,0.37694193,0.092436104,-0.223179754,0,12,11.73,3.27
53,2008,Washington,0.38,0.035,0,0,0.238095238,0.562857143,-9,-9,0.376951544,-9,0.350737366,0.004613485,-0.163842939,0,12,11.91,4.09
53,2009,Washington,0.366,0.032,0,0,0.348039216,0.556485356,-9,-9,-9,0.385636826,0.340133537,0.113593504,-0.123022183,0,12,12,5
53,2010,Washington,0.338,0.028,0,0,0.325688073,0.531799729,-9,-9,0.296995613,0.363429548,0.334766312,0.070567284,-0.095819681,0,12,12,6
53,2011,Washington,0.335,0.032,0,0,0.283464567,0.551499348,-9,-9,-9,0.332076534,0.335040577,0.166501453,-0.084390753,0,12,12,7
53,2012,Washington,0.339,0.026,0,0,0.285067873,0.570379437,-9,0.360240938,0.315001821,0.338889447,0.331960793,0.131689389,-0.015380871,0,12,12,8
53,2013,Washington,0.344,0.032,0,0,0.290836653,0.528350515,-9,-9,-9,0.423461652,0.323351963,0.200602193,-0.027818697,1,12,12,9
53,2014,Washington,0.335,0.035,1,0,0.305660377,0.550351288,-9,-9,0.279556509,-9,0.305250428,0.169877992,-0.088545622,1,12,12,10
53,2015,Washington,0.318,0.032,1,0,0.288461538,0.541818182,-9,-9,-9,0.382463392,0.305378638,0.11157196,-0.123240512,1,12,12,11
53,2016,Washington,0.321,0.028,1,0,0.232931727,0.512331839,-9,-9,0.265882576,0.435863695,0.302174518,0.010757407,0.060602054,1,12,12,12
54,1980,West Virginia,0.632,0.031,0,0,0.5625,0.830769231,-9,0.560411502,0.632039851,-9,0.467465667,0.070165208,-9,0,0,0,0
54,1981,West Virginia,0.612,0.047,0,0,0.6,0.784946237,-9,-9,-9,-9,0.471059039,-0.042915802,-9,0,1,0,0
54,1982,West Virginia,0.595,0.036,0,0,0.55,0.789473684,-9,-9,0.515737884,-9,0.481047677,0.066660818,-9,0,2,0,0
54,1983,West Virginia,0.553,0.038,0,0,0.545454545,0.763285024,-9,0.501098211,-9,-9,0.485040387,-0.074554562,-9,0,3,0,0
54,1984,West Virginia,0.651,0.036,0,0,0.717948718,0.793969849,-9,-9,0.592709078,-9,0.489468769,0.035394781,-9,0,4,0,0
54,1985,West Virginia,0.626,0.031,0,0,0.559322034,0.788659794,-9,0.67166387,0.555525639,-9,0.505099613,0.132844892,-9,0,5,0,0
54,1986,West Virginia,0.601,0.038,0,0,0.711538462,0.772727273,-9,0.55859953,-9,-9,0.498888807,0.155953952,-9,0,6,0,0
54,1987,West Virginia,0.604,0.036,0,0,0.581395349,0.845,-9,-9,0.491834093,-9,0.509668328,-0.083717673,-9,0,7,0,0
54,1988,West Virginia,0.605,0.031,0,0,0.568181818,0.829411765,-9,0.71595018,0.448728288,-9,0.519726172,-0.080214581,-9,0,7.91,0.09,0
54,1989,West Virginia,0.566,0.031,0,0,0.464285714,0.798029557,-9,0.549278755,0.486160369,-9,0.529754385,-0.00931182,-9,0,8.73,0.27,0
54,1990,West Virginia,0.558,0.031,0,0,0.5625,0.770053476,-9,0.517551637,0.477272218,-9,0.582425695,-0.183102778,-9,0,9.45,0.55,0
54,1991,West Virginia,0.56,0.031,0,0,0.555555556,0.784313725,-9,0.620282063,0.4045798,-9,0.63153632,-0.285442346,-9,0,10.09,0.91,0
54,1992,West Virginia,0.632,0.047,0,0,0.512195122,0.819095477,-9,-9,-9,-9,0.602886167,-0.211204846,-9,0,10.64,1.36,0
54,1993,West Virginia,0.636,0.031,0,0,0.534883721,0.836283186,-9,0.687549717,0.54576,-9,0.595788258,-0.080042085,-9,0,11.09,1.91,0
54,1994,West Virginia,0.589,0.047,0,0,0.435897436,0.757990868,-9,-9,-9,-9,0.595320974,-0.020362421,-9,0,11.45,2.55,0
54,1995,West Virginia,0.648,0.047,0,0,0.641025641,0.827004219,-9,-9,-9,-9,0.57827619,-0.041419582,-9,0,11.73,3.27,0
54,1996,West Virginia,0.589,0.038,0,0,0.591836735,0.756521739,-9,0.654356523,-9,-9,0.358493764,0.312019694,-9,0,11.91,4.09,0
54,1997,West Virginia,0.526,0.029,0,0,0.56097561,0.705882353,-9,0.551817275,-9,0.531878565,0.360380897,0.55133399,-9,0,12,5,0
54,1998,West Virginia,0.538,0.047,0,0,0.487179487,0.735751295,-9,-9,-9,-9,0.358855323,0.543126231,-9,0,12,6,0
54,1999,West Virginia,0.573,0.036,0,0,0.529411765,0.774358974,-9,0.565332228,-9,-9,0.362768095,0.5876189,1.90836007,0,12,7,0
54,2000,West Virginia,0.541,0.029,0,0,0.450980392,0.773195876,-9,0.635191634,-9,0.492106304,0.359140005,0.722079018,1.921086966,0,12,7.91,0.09
54,2001,West Virginia,0.549,0.021,0,0,0.5,0.716666667,0.53240092,-9,-9,-9,0.588163181,0.90937617,2.148164243,0,12,8.73,0.27
54,2002,West Virginia,0.58,0.021,0,0,0.414634146,0.727659574,0.574025351,-9,-9,-9,0.602828307,0.766962983,2.346633647,0,12,9.45,0.55
54,2003,West Virginia,0.561,0.032,0,0,0.575,0.743362832,-9,-9,-9,0.511859781,0.634315915,0.653139164,2.213573607,0,12,10.09,0.91
54,2004,West Virginia,0.556,0.018,0,0,0.387755102,0.733050847,0.56646697,-9,0.468230702,0.531669669,0.600996234,0.62006141,2.157503014,0,12,10.64,1.36
54,2005,West Virginia,0.631,0.044,0,0,0.590909091,0.767772512,-9,-9,-9,-9,0.63288626,0.708738012,2.071095515,0,12,11.09,1.91
54,2006,West Virginia,0.56,0.035,0,0,0.481481481,0.711627907,-9,-9,0.46881851,-9,0.636814456,0.697508852,1.977594496,0,12,11.45,2.55
54,2007,West Virginia,0.599,0.032,0,0,0.391304348,0.736220472,-9,-9,-9,0.642163406,0.556043392,0.772839737,1.861735459,0,12,11.73,3.27
54,2008,West Virginia,0.575,0.035,0,0,0.428571429,0.72195122,-9,-9,0.524035145,-9,0.566249389,0.882334404,1.817741111,0,12,11.91,4.09
54,2009,West Virginia,0.551,0.032,0,0,0.463414634,0.75,-9,-9,-9,0.530113137,0.565104409,0.66464651,1.976748935,0,12,12,5
54,2010,West Virginia,0.572,0.028,0,0,0.55,0.786610879,-9,-9,0.501698405,0.551336016,0.559022968,0.72815197,2.065461456,0,12,12,6
54,2011,West Virginia,0.622,0.032,0,0,0.482758621,0.693548387,-9,-9,-9,0.677366505,0.57224243,0.727628711,2.213078235,0,12,12,7
54,2012,West Virginia,0.571,0.026,0,0,0.424657534,0.660079051,-9,0.585280709,0.510311945,0.60793453,0.574174732,0.870958933,2.127033519,0,12,12,8
54,2013,West Virginia,0.602,0.032,0,0,0.377358491,0.759259259,-9,-9,-9,0.686877765,0.550876473,0.924146885,2.367372756,1,12,12,9
54,2014,West Virginia,0.547,0.035,0,0,0.443037975,0.65,-9,-9,0.478264651,-9,0.543744085,0.953520497,2.255140999,1,12,12,10
54,2015,West Virginia,0.537,0.032,0,0,0.420289855,0.686346863,-9,-9,-9,0.58590783,0.554362445,1.067048228,2.153794809,1,12,12,11
54,2016,West Virginia,0.6,0.028,0,0,0.475609756,0.710714286,-9,-9,0.481850827,0.732214817,0.560737982,1.074304395,2.075071981,1,12,12,12
55,1980,Wisconsin,0.483,0.031,0,0,0.170731707,0.542056075,-9,0.494901933,0.535689662,-9,0.486869774,-0.502622648,-9,0,0,0,0
55,1981,Wisconsin,0.423,0.047,0,0,0.234899329,0.53196347,-9,-9,-9,-9,0.499027212,-0.495448297,-9,0,1,0,0
55,1982,Wisconsin,0.445,0.036,0,0,0.25,0.568034557,-9,-9,0.413131662,-9,0.508443655,-0.576661098,-9,0,2,0,0
55,1983,Wisconsin,0.43,0.038,0,0,0.201612903,0.551724138,-9,0.454381895,-9,-9,0.511886103,-0.463841302,-9,0,3,0,0
55,1984,Wisconsin,0.479,0.036,0,0,0.261538462,0.588726514,-9,-9,0.465126954,-9,0.514566754,-0.580625001,-9,0,4,0,0
55,1985,Wisconsin,0.471,0.031,0,0,0.23015873,0.595876289,-9,0.518633123,0.425714869,-9,0.558552853,-0.51464351,-9,0,5,0,0
55,1986,Wisconsin,0.445,0.038,0,0,0.201612903,0.578389831,-9,0.461581251,-9,-9,0.541750071,-0.489992475,-9,0,6,0,0
55,1987,Wisconsin,0.469,0.036,0,0,0.195488722,0.586520947,-9,-9,0.44984938,-9,0.533552884,-0.515571879,-9,0,7,0,0
55,1988,Wisconsin,0.46,0.031,0,0,0.219178082,0.603550296,-9,0.572946857,0.3564031,-9,0.537400722,-0.387931426,-9,0,7.91,0.09,0
55,1989,Wisconsin,0.496,0.031,0,0,0.305084746,0.597077244,-9,0.555701597,0.452582753,-9,0.535296211,-0.339198481,-9,0,8.73,0.27,0
55,1990,Wisconsin,0.502,0.031,0,0,0.272727273,0.621568627,-9,0.527153344,0.477979192,-9,0.549762205,-0.394572752,-9,0,9.45,0.55,0
55,1991,Wisconsin,0.485,0.031,0,0,0.263157895,0.644351464,-9,0.536383418,0.416225791,-9,0.585571876,-0.605713736,-9,0,10.09,0.91,0
55,1992,Wisconsin,0.467,0.047,0,0,0.258064516,0.584415584,-9,-9,-9,-9,0.596897768,-0.551049142,-9,0,10.64,1.36,0
55,1993,Wisconsin,0.516,0.031,0,0,0.352380952,0.644628099,-9,0.535524574,0.485894144,-9,0.597632049,-0.580822921,-9,0,11.09,1.91,0
55,1994,Wisconsin,0.495,0.036,0,0,0.241071429,0.647916667,-9,-9,0.465168561,-9,0.573440835,-0.567791539,-9,0,11.45,2.55,0
55,1995,Wisconsin,0.466,0.047,0,0,0.205357143,0.629411765,-9,-9,-9,-9,0.584022639,-0.621525324,-9,0,11.73,3.27,0
55,1996,Wisconsin,0.475,0.031,0,0,0.316831683,0.616,-9,0.49921815,0.426537292,-9,0.617169878,-0.484849352,-9,0,11.91,4.09,0
55,1997,Wisconsin,0.418,0.029,0,0,0.225490196,0.540084388,-9,0.442417408,-9,0.438057715,0.597184325,-0.360505829,-9,0,12,5,0
55,1998,Wisconsin,0.549,0.036,0,0,0.313559322,0.579831933,-9,-9,0.612812469,-9,0.587712446,-0.399320898,-9,0,12,6,0
55,1999,Wisconsin,0.434,0.036,0,0,0.2,0.585470085,-9,0.428811781,-9,-9,0.685698244,-0.35460488,-0.132373885,0,12,7,0
55,2000,Wisconsin,0.466,0.026,0,0,0.260504202,0.579617834,-9,0.513695897,0.406064039,0.501407732,0.691546704,-0.080703317,0.021522356,0,12,7.91,0.09
55,2001,Wisconsin,0.431,0.021,0,0,0.170940171,0.568965517,0.427855695,-9,-9,-9,0.710132511,-0.171701741,-0.012488318,0,12,8.73,0.27
55,2002,Wisconsin,0.422,0.02,0,0,0.252173913,0.544921875,0.422067273,-9,0.375931084,-9,0.673847748,-0.131379907,-0.006011216,0,12,9.45,0.55
55,2003,Wisconsin,0.445,0.032,0,0,0.256880734,0.524163569,-9,-9,-9,0.490673044,0.686741868,-0.192905269,0.112782578,0,12,10.09,0.91
55,2004,Wisconsin,0.416,0.018,0,0,0.238709677,0.534516765,0.402902613,-9,0.425031467,0.457807823,0.669626727,-0.195021349,0.042318475,0,12,10.64,1.36
55,2005,Wisconsin,0.41,0.044,0,0,0.190082645,0.534482759,-9,-9,-9,-9,0.682583505,-0.176067823,-0.04651458,0,12,11.09,1.91
55,2006,Wisconsin,0.425,0.035,0,0,0.180555556,0.519011407,-9,-9,0.419087566,-9,0.71917788,-0.204488859,-0.08297069,0,12,11.45,2.55
55,2007,Wisconsin,0.414,0.032,0,0,0.277027027,0.511187608,-9,-9,-9,0.43889478,0.730625241,-0.189905429,-0.148802139,0,12,11.73,3.27
55,2008,Wisconsin,0.421,0.035,0,0,0.240506329,0.523076923,-9,-9,0.403858829,-9,0.719313189,-0.148484121,-0.280563557,0,12,11.91,4.09
55,2009,Wisconsin,0.432,0.032,0,0,0.248484848,0.543828265,-9,-9,-9,0.466923603,0.717517634,-0.087390603,-0.265750867,0,12,12,5
55,2010,Wisconsin,0.431,0.028,0,0,0.2125,0.543443918,-9,-9,0.414174739,0.460224904,0.694148943,-0.034283182,-0.26240956,0,12,12,6
55,2011,Wisconsin,0.414,0.032,0,0,0.221590909,0.548330404,-9,-9,-9,0.429247479,0.70305196,-0.030160796,-0.126804422,0,12,12,7
55,2012,Wisconsin,0.44,0.026,0,0,0.152866242,0.572438163,-9,0.459727762,0.403028652,0.479412217,0.710207485,-0.083196305,0.054840661,0,12,12,8
55,2013,Wisconsin,0.448,0.032,0,0,0.240506329,0.576589595,-9,-9,-9,0.542367126,0.697732688,0.011939618,0.005644403,1,12,12,9
55,2014,Wisconsin,0.434,0.035,0,0,0.228070175,0.523411371,-9,-9,0.418202011,-9,0.689422292,0.106356616,-0.112113657,1,12,12,10
55,2015,Wisconsin,0.434,0.032,0,0,0.201877934,0.573795181,-9,-9,-9,0.516254852,0.699406523,0.193508049,-0.029879057,1,12,12,11
55,2016,Wisconsin,0.471,0.028,0,0,0.229946524,0.606774669,-9,-9,0.413851708,0.57943665,0.695162831,0.248138178,0.119025591,1,12,12,12
56,1980,Wyoming,0.775,0.047,0,0,0.647058824,0.793103448,-9,-9,-9,-9,0.688648391,3.592401299,-9,0,0,0,0
56,1981,Wyoming,0.8,0.047,0,0,0.714285714,0.828571429,-9,-9,-9,-9,0.684807362,3.482714737,-9,0,1,0,0
56,1982,Wyoming,0.76,0.047,0,0,-9,0.807228916,-9,-9,-9,-9,0.695012634,3.374920292,-9,0,2,0,0
56,1983,Wyoming,0.733,0.047,0,0,0.44,0.7875,-9,-9,-9,-9,0.693938634,3.336547146,-9,0,3,0,0
56,1984,Wyoming,0.776,0.036,0,0,0.6,0.8,-9,-9,0.70020355,-9,0.692101529,3.319277626,-9,0,4,0,0
56,1985,Wyoming,0.743,0.036,0,0,-9,0.653846154,-9,-9,0.692423414,-9,0.65814239,2.989910436,-9,0,5,0,0
56,1986,Wyoming,0.756,0.047,0,0,-9,0.785714286,-9,-9,-9,-9,0.647696446,3.008521003,-9,0,6,0,0
56,1987,Wyoming,0.737,0.036,0,0,-9,0.71875,-9,-9,0.687492756,-9,0.644987138,3.168121705,-9,0,7,0,0
56,1988,Wyoming,0.708,0.031,0,0,-9,0.638888889,-9,0.782158534,0.606119795,-9,0.660766049,3.000302369,-9,0,7.91,0.09,0
56,1989,Wyoming,0.766,0.031,0,0,0.789473684,0.873015873,-9,0.752007392,0.663377007,-9,0.677543313,2.370389899,-9,0,8.73,0.27,0
56,1990,Wyoming,0.761,0.031,0,0,0.764705882,0.84375,-9,0.72643461,0.671626158,-9,0.686254541,2.821219092,-9,0,9.45,0.55,0
56,1991,Wyoming,0.713,0.031,0,0,0.615384615,0.783783784,-9,0.735498327,0.606847623,-9,0.717733669,2.484503487,-9,0,10.09,0.91,0
56,1992,Wyoming,0.705,0.047,0,0,0.333333333,0.813333333,-9,-9,-9,-9,0.711832345,2.560685817,-9,0,10.64,1.36,0
56,1993,Wyoming,0.698,0.038,0,0,0.647058824,0.761363636,-9,0.678477156,-9,-9,0.695136878,2.470266645,-9,0,11.09,1.91,0
56,1994,Wyoming,0.69,0.047,0,0,0.619047619,0.744186047,-9,-9,-9,-9,0.604462081,2.504589328,-9,0,11.45,2.55,0
56,1995,Wyoming,0.685,0.047,0,0,0.625,0.743243243,-9,-9,-9,-9,0.58741813,2.58139424,-9,0,11.73,3.27,0
56,1996,Wyoming,0.686,0.047,0,0,0.5,0.797297297,-9,-9,-9,-9,0.573147072,2.659715698,-9,0,11.91,4.09,0
56,1997,Wyoming,0.63,0.033,0,0,0.538461538,0.768292683,-9,-9,-9,0.599375273,0.569589779,2.797409232,-9,0,12,5,0
56,1998,Wyoming,0.625,0.047,0,0,0.4375,0.704225352,-9,-9,-9,-9,0.598688437,2.625872868,-9,0,12,6,0
56,1999,Wyoming,0.58,0.036,0,0,0.434782609,0.706666667,-9,0.564055528,-9,-9,0.595545846,1.525702441,1.610938909,0,12,7,0
56,2000,Wyoming,0.586,0.036,0,0,0.533333333,0.617647059,-9,0.587979516,-9,-9,0.603309611,2.870153566,1.566297818,0,12,7.91,0.09
56,2001,Wyoming,0.606,0.021,0,0,0.545454545,0.763888889,0.592371532,-9,-9,-9,0.581297577,2.817332986,1.583508334,0,12,8.73,0.27
56,2002,Wyoming,0.644,0.021,0,0,0.555555556,0.827586207,0.632222477,-9,-9,-9,0.575253639,2.995453863,1.713147539,0,12,9.45,0.55
56,2003,Wyoming,0.596,0.032,0,0,0.3125,0.752688172,-9,-9,-9,0.598735843,0.550976867,2.991625432,1.641103811,0,12,10.09,0.91
56,2004,Wyoming,0.607,0.018,0,0,0.333333333,0.611940299,0.631548212,-9,0.53086295,0.599980494,0.570095551,3.077760952,1.717630749,0,12,10.64,1.36
56,2005,Wyoming,0.592,0.044,0,0,0.608695652,0.626865672,-9,-9,-9,-9,0.545211434,2.878562029,1.791252848,0,12,11.09,1.91
56,2006,Wyoming,0.583,0.035,0,0,0.304347826,0.698924731,-9,-9,0.516375507,-9,0.558646487,3.063615764,1.995165639,0,12,11.45,2.55
56,2007,Wyoming,0.621,0.032,0,0,0.388888889,0.722891566,-9,-9,-9,0.646329648,0.553576307,2.9406073,1.942821069,0,12,11.73,3.27
56,2008,Wyoming,0.64,0.035,0,0,0.523809524,0.737864078,-9,-9,0.582073329,-9,0.560387256,3.031595719,1.915723408,0,12,11.91,4.09
56,2009,Wyoming,0.615,0.032,0,0,0.65,0.758241758,-9,-9,-9,0.587478966,0.553433499,3.058250804,1.7353828,0,12,12,5
56,2010,Wyoming,0.572,0.028,0,0,0.52,0.660377358,-9,-9,0.505207164,0.575668975,0.560767597,2.996838188,1.532140016,0,12,12,6
56,2011,Wyoming,0.539,0.032,0,0,0.407407407,0.695238095,-9,-9,-9,0.50607756,0.542044605,2.885945339,1.627117062,0,12,12,7
56,2012,Wyoming,0.597,0.029,0,0,0.375,0.647482014,-9,0.662060499,-9,0.62222418,0.545626784,2.973923568,1.56248118,0,12,12,8
56,2013,Wyoming,0.613,0.032,0,0,0.529411765,0.714285714,-9,-9,-9,0.685265753,0.542697225,3.066251513,1.63873665,1,12,12,9
56,2014,Wyoming,0.608,0.044,0,0,0.583333333,0.666666667,-9,-9,-9,-9,0.538760611,3.092854056,1.603821651,1,12,12,10
56,2015,Wyoming,0.549,0.032,0,0,0.393939394,0.661290323,-9,-9,-9,0.61153088,0.544356361,2.910414399,1.348322651,1,12,12,11
56,2016,Wyoming,0.607,0.032,0,0,0.375,0.669642857,-9,-9,-9,0.725993231,0.538438852,2.899840191,1.26580728,1,12,12,12